0.0
0.0
0.0
0.0
0.0
293.4
439.2
336.6
92.0
0.0
0.0
0.0
0.0
0.0
0.0
0.0
0.0
101.0
170.0
124.8
97.0
0.0
0.0
0.0
0.0
0.0
0.0
0.0
0.0
181.0
0.0
0.0
0.0
0.0
0.0
0.0
0.0
0.0
0.0
0.0
0.0
129.0
345.0
0.0
0.0
0.0
0.0
0.0
0.0
0.0
0.0
0.0
0.0
0.0
0.0
271.2
121.0
0.0
0.0
0.0
0.0
0.0
0.0
0.0
0.0
550.0
642.4
463.0
129.0
65.0
0.0
0.0
0.0
0.0
0.0
0.0
0.0
145.2
427.4
471.2
113.0
0.0
0.0
0.0
0.0
0.0
0.0
0.0
0.0
135.0
389.0
122.0
73.6
0.0
0.0
0.0
0.0
0.0
0.0
0.0
0.0
104.0
187.6
300.6
83.0
0.0
0.0
0.0
0.0
0.0
0.0
0.0
0.0
216.2
421.2
137.8
70.0
0.0
0.0
0.0
0.0
0.0
0.0
0.0
0.0
0.0
0.0
0.0
0.0
0.0
0.0
0.0
0.0
0.0
0.0
0.0
0.0
0.0
132.0
260.2
79.0
0.0
0.0
0.0
0.0
0.0
0.0
0.0
0.0
341.2
799.6
246.0
136.0
0.0
0.0
0.0
0.0
0.0
0.0
0.0
65.0
0.0
542.8
359.6
135.6
0.0
0.0
0.0
0.0
0.0
0.0
0.0
0.0
98.4
1036.8
246.6
89.2
0.0
0.0
0.0
0.0
0.0
0.0
0.0
0.0
138.6
0.0
278.8
31.0
0.0
0.0
0.0
0.0
0.0
0.0
0.0
0.0
718.4
561.0
680.4
84.0
0.0
0.0
0.0
0.0
0.0
0.0
0.0
0.0
893.6
0.0
0.0
75.6
0.0
0.0
0.0
0.0
0.0
0.0
0.0
0.0
70.0
261.6
296.4
80.0
0.0
0.0
0.0
0.0
0.0
0.0
0.0
0.0
0.0
0.0
0.0
0.0
0.0
0.0
0.0
0.0
0.0
0.0
0.0
0.0
0.0
0.0
0.0
0.0
0.0
0.0
0.0
0.0
0.0
0.0
0.0
0.0
0.0
0.0
0.0
0.0
0.0
0.0
0.0
0.0
0.0
0.0
0.0
0.0
0.0
0.0
398.4
114.0
0.0
0.0
0.0
0.0
0.0
0.0
0.0
0.0
181.6
317.4
164.0
112.8
0.0
0.0
0.0
0.0
0.0
0.0
0.0
0.0
66.0
245.0
319.4
168.8
0.0
0.0
0.0
0.0
0.0
0.0
0.0
0.0
122.0
249.0
224.4
50.0
0.0
0.0
0.0
0.0
0.0
0.0
0.0
0.0
100.0
0.0
261.0
121.6
0.0
0.0
0.0
0.0
0.0
0.0
0.0
0.0
179.0
266.2
126.0
78.0
0.0
0.0
0.0
0.0
0.0
0.0
0.0
0.0
108.0
402.4
242.6
89.0
0.0
0.0
0.0
0.0
0.0
0.0
0.0
0.0
436.4
309.8
277.4
153.2
0.0
0.0
0.0
0.0
0.0
0.0
0.0
0.0
0.0
18.0
38.0
0.0
0.0
0.0
0.0
0.0
0.0
0.0
0.0
0.0
40.0
0.0
0.0
0.0
0.0
0.0
0.0
0.0
0.0
0.0
0.0
0.0
113.0
274.6
493.6
146.0
0.0
0.0
0.0
0.0
0.0
0.0
0.0
0.0
427.8
436.8
645.0
83.0
0.0
0.0
0.0
0.0
0.0
0.0
0.0
0.0
0.0
0.0
0.0
0.0
0.0
0.0
0.0
0.0
0.0
0.0
0.0
0.0
1512.2
213.4
470.0
169.0
0.0
0.0
0.0
0.0
0.0
0.0
0.0
0.0
294.4
640.4
499.6
257.4
0.0
0.0
0.0
0.0
0.0
0.0
0.0
0.0
0.0
1400.8
448.8
218.8
0.0
0.0
0.0
0.0
0.0
0.0
0.0
0.0
304.2
1009.4
528.8
170.0
0.0
0.0
0.0
0.0
0.0
0.0
0.0
0.0
170.4
299.6
323.2
208.0
0.0
0.0
0.0
0.0
0.0
0.0
0.0
0.0
240.0
425.6
258.0
78.0
0.0
0.0
0.0
0.0
0.0
0.0
0.0
0.0
265.6
740.6
615.6
194.0
0.0
0.0
0.0
0.0
0.0
0.0
0.0
0.0
208.0
446.4
384.0
150.0
0.0
0.0
0.0
0.0
0.0
0.0
0.0
0.0
822.8
1456.8
324.2
170.0
0.0
0.0
0.0
0.0
0.0
0.0
0.0
165.6
1822.8
813.2
393.8
180.0
0.0
0.0
0.0
0.0
0.0
0.0
0.0
159.0
682.2
1510.2
402.2
346.2
0.0
0.0
0.0
0.0
0.0
0.0
0.0
0.0
453.0
868.4
456.2
213.2
0.0
0.0
0.0
0.0
0.0
0.0
0.0
0.0
140.0
260.6
254.6
205.0
0.0
0.0
0.0
0.0
0.0
0.0
0.0
0.0
367.4
522.4
333.2
143.6
0.0
0.0
0.0
0.0
0.0
0.0
0.0
0.0
301.6
645.4
483.6
0.0
0.0
0.0
0.0
0.0
0.0
0.0
0.0
0.0
636.6
1498.8
424.4
226.4
0.0
0.0
0.0
0.0
0.0
0.0
0.0
132.2
235.8
289.4
439.2
0.0
0.0
0.0
0.0
0.0
0.0
0.0
0.0
67.0
1038.0
1375.2
513.4
0.0
0.0
0.0
0.0
0.0
0.0
0.0
0.0
0.0
114.0
219.6
346.8
373.6
0.0
0.0
0.0
0.0
0.0
0.0
0.0
271.8
1109.4
439.2
839.0
435.2
0.0
0.0
0.0
0.0
0.0
0.0
0.0
0.0
1715.2
2158.8
620.4
355.4
0.0
0.0
0.0
0.0
0.0
0.0
0.0
0.0
856.8
735.4
766.8
371.2
0.0
0.0
0.0
0.0
0.0
0.0
0.0
78.2
515.2
1151.2
289.0
133.0
0.0
0.0
0.0
0.0
0.0
0.0
0.0
127.0
1250.2
2210.8
0.0
460.0
0.0
0.0
0.0
0.0
0.0
0.0
0.0
0.0
238.8
181.2
750.0
361.6
0.0
0.0
0.0
0.0
0.0
0.0
0.0
320.0
1921.2
1722.8
624.4
380.0
0.0
0.0
0.0
0.0
0.0
0.0
0.0
76.4
832.2
2203.0
959.8
524.2
0.0
0.0
0.0
0.0
0.0
0.0
0.0
1630.4
1783.4
1070.2
0.0
694.0
0.0
0.0
0.0
0.0
0.0
0.0
0.0
413.0
1216.0
680.8
693.2
406.4
0.0
0.0
0.0
0.0
0.0
0.0
0.0
1409.75
757.6
281.4
0.0
330.8
0.0
0.0
0.0
0.0
0.0
0.0
0.0
946.6
1780.0
1624.8
1105.0
0.0
0.0
0.0
0.0
0.0
0.0
0.0
0.0
0.0
0.0
0.0
0.0
0.0
0.0
0.0
0.0
0.0
0.0
0.0
0.0
0.0
0.0
0.0
0.0
0.0
0.0
0.0
0.0
0.0
0.0
0.0
0.0
229.2
490.8
0.0
193.6
312.6
0.0
0.0
0.0
0.0
0.0
0.0
0.0
628.6
1627.0
2198.8
743.8
232.0
0.0
0.0
0.0
0.0
0.0
0.0
0.0
1463.2
2681.6
0.0
0.0
0.0
0.0
0.0
0.0
0.0
0.0
0.0
0.0
157.0
606.6
1458.8
943.8
525.0
0.0
0.0
0.0
0.0
0.0
0.0
0.0
113.0
740.0
427.6
383.0
209.0
0.0
0.0
0.0
0.0
0.0
0.0
0.0
107.0
0.0
821.6
484.0
96.0
0.0
0.0
0.0
0.0
0.0
0.0
0.0
1373.8
1586.8
1575.8
0.0
441.6
0.0
0.0
0.0
0.0
0.0
0.0
0.0
1095.6
2419.2
2099.8
924.8
305.2
80.0
0.0
0.0
0.0
0.0
0.0
0.0
1371.2
2608.8
2099.8
873.2
291.0
0.0
0.0
0.0
0.0
0.0
0.0
0.0
1508.4
2439.2
2145.8
896.8
322.0
82.4
0.0
0.0
0.0
0.0
0.0
0.0
604.8
1953.8
2249.6
919.4
298.0
96.0
0.0
0.0
0.0
0.0
0.0
0.0
313.2
947.5
796.6
403.0
296.0
89.0
0.0
0.0
0.0
0.0
0.0
0.0
96.2
303.8
960.0
571.2
272.8
0.0
0.0
0.0
0.0
0.0
0.0
0.0
1689.2
2794.4
2229.2
951.0
637.6
88.0
0.0
0.0
0.0
0.0
0.0
0.0
185.0
765.2
2631.4
1174.8
295.2
84.4
0.0
0.0
0.0
0.0
0.0
0.0
1970.8
2732.6
2358.4
1194.4
561.0
115.4
0.0
0.0
0.0
0.0
0.0
0.0
129.0
645.8
322.0
767.8
517.4
74.0
0.0
0.0
0.0
0.0
0.0
0.0
1206.4
536.0
581.0
389.4
528.8
0.0
0.0
0.0
0.0
0.0
0.0
0.0
958.6
1725.8
2937.2
986.0
463.2
0.0
0.0
0.0
0.0
0.0
0.0
0.0
238.4
579.4
532.0
794.0
576.8
0.0
0.0
0.0
0.0
0.0
0.0
0.0
1645.0
3316.8
2603.4
308.6
666.8
155.2
0.0
0.0
0.0
0.0
0.0
0.0
502.8
3357.8
2585.4
1248.6
363.2
211.8
0.0
0.0
0.0
0.0
0.0
0.0
832.2
744.6
2857.6
0.0
388.0
149.4
0.0
0.0
0.0
0.0
0.0
0.0
256.2
1116.66666666667
927.4
991.4
803.2
108.4
0.0
0.0
0.0
0.0
0.0
0.0
1214.8
850.8
847.2
868.2
341.6
108.0
0.0
0.0
0.0
0.0
0.0
0.0
369.6
2686.2
2375.4
1232.4
343.2
333.8
0.0
0.0
0.0
0.0
0.0
76.0
2894.0
3085.8
1276.4
1659.2
569.6
150.4
0.0
0.0
0.0
0.0
0.0
0.0
667.2
2568.4
1199.6
1114.8
405.6
136.8
0.0
0.0
0.0
0.0
0.0
94.0
2276.6
3312.8
2462.8
1421.6
434.2
139.0
0.0
0.0
0.0
0.0
0.0
0.0
289.6
536.0
2819.6
1289.6
283.2
147.0
0.0
0.0
0.0
0.0
0.0
0.0
2174.8
2894.2
2526.4
1346.0
360.6
176.8
0.0
0.0
0.0
0.0
0.0
166.0
2624.4
3104.0
2586.6
1307.6
297.0
170.0
0.0
0.0
0.0
0.0
0.0
0.0
0.0
0.0
0.0
0.0
0.0
142.4
0.0
0.0
0.0
0.0
0.0
282.0
2156.0
3037.2
2592.0
1411.2
528.6
224.0
0.0
0.0
0.0
0.0
0.0
0.0
468.2
1952.8
0.0
1497.8
896.8
198.0
0.0
0.0
0.0
0.0
0.0
343.0
2811.4
1739.2
2733.2
1226.4
903.6
277.6
0.0
0.0
0.0
0.0
0.0
514.0
2864.4
3249.0
2638.8
1302.8
254.4
192.0
0.0
0.0
0.0
0.0
0.0
254.0
2746.0
3117.6
2549.6
1417.6
576.4
197.5
0.0
0.0
0.0
0.0
0.0
408.0
3152.0
2310.2
1961.6
1180.0
492.2
363.6
0.0
0.0
0.0
0.0
0.0
892.8
2632.0
1808.4
2135.2
1572.4
377.0
170.0
0.0
0.0
0.0
0.0
0.0
1017.4
3185.6
3323.6
2828.8
1429.8
265.6
172.0
0.0
0.0
0.0
0.0
0.0
1220.0
3086.8
3411.6
2771.2
1459.0
283.2
188.4
0.0
0.0
0.0
0.0
0.0
1355.6
3131.6
3330.8
2736.0
1466.0
252.0
172.4
0.0
0.0
0.0
0.0
0.0
98.0
1024.8
1242.8
712.4
1287.8
635.0
174.2
0.0
0.0
0.0
0.0
0.0
393.6
3060.8
3314.4
2762.6
1480.0
298.0
184.8
0.0
0.0
0.0
0.0
0.0
1156.6
3047.2
3349.8
2791.8
1495.6
266.0
224.0
0.0
0.0
0.0
0.0
0.0
202.4
1102.6
1314.8
817.6
1503.0
273.6
98.8
0.0
0.0
0.0
0.0
0.0
132.0
708.8
2976.4
1578.6
1614.4
673.2
189.6
0.0
0.0
0.0
0.0
0.0
176.2
333.6
451.8
433.2
352.0
272.2
224.0
0.0
0.0
0.0
0.0
0.0
0.0
646.6
3033.2
2922.8
1483.2
605.4
238.4
0.0
0.0
0.0
0.0
0.0
1363.0
3129.2
3296.0
0.0
0.0
0.0
0.0
0.0
0.0
0.0
0.0
0.0
0.0
1530.0
2056.6
462.0
971.0
597.6
160.0
0.0
0.0
0.0
0.0
0.0
174.4
1054.8
2189.0
2254.8
1374.6
721.6
269.6
0.0
0.0
0.0
0.0
0.0
1662.4
3274.0
3483.0
3067.4
1563.2
812.4
347.2
0.0
0.0
0.0
0.0
0.0
135.6
789.2
1296.2
777.8
447.2
410.0
98.0
0.0
0.0
0.0
0.0
0.0
931.0
3675.2
2658.2
3098.2
1834.8
884.0
362.0
0.0
0.0
0.0
0.0
0.0
611.6
522.8
1288.4
1842.6
1673.2
441.6
272.4
0.0
0.0
0.0
0.0
0.0
1047.8
1110.8
1382.8
2984.8
1763.2
756.6
250.0
0.0
0.0
0.0
0.0
0.0
1775.6
558.8
3179.2
2391.2
1907.2
821.2
274.4
0.0
0.0
0.0
0.0
0.0
354.0
1955.8
3629.8
2287.2
1449.4
829.4
296.4
0.0
0.0
0.0
0.0
0.0
266.2
848.6
1104.0
1274.0
1966.8
537.4
523.4
0.0
0.0
0.0
0.0
0.0
740.2
1657.0
3565.2
3127.2
1979.6
327.0
215.6
0.0
0.0
0.0
0.0
0.0
1378.8
2912.0
2952.4
2633.2
1651.4
526.0
246.0
0.0
0.0
0.0
0.0
0.0
878.8
2341.0
2513.2
2700.0
1680.4
259.4
168.0
0.0
0.0
0.0
0.0
0.0
2133.2
3411.6
3560.4
3026.2
1748.8
447.6
270.4
0.0
0.0
0.0
0.0
0.0
1878.4
668.4
3698.0
2904.8
1727.8
510.0
446.4
0.0
0.0
0.0
0.0
0.0
986.4
3502.4
3660.6
3099.6
1790.0
363.2
186.2
0.0
0.0
0.0
0.0
0.0
1246.2
2919.2
1924.2
1861.6
1079.6
168.8
232.4
0.0
0.0
0.0
0.0
0.0
2076.4
3390.0
3430.8
2274.2
1563.0
674.4
478.4
0.0
0.0
0.0
0.0
0.0
433.2
2395.4
2676.2
3049.4
1907.8
420.0
258.0
0.0
0.0
0.0
0.0
0.0
192.8
1324.2
3702.2
3178.4
1575.0
1041.4
489.4
0.0
0.0
0.0
0.0
0.0
308.6
1492.2
1326.4
3324.4
1222.0
563.2
314.6
0.0
0.0
0.0
0.0
0.0
1784.4
3398.4
3723.6
3729.2
1808.8
917.2
468.8
0.0
0.0
0.0
0.0
0.0
720.4
3147.4
3565.6
1396.2
1971.0
971.0
426.4
0.0
0.0
0.0
0.0
0.0
279.0
814.0
2068.8
1399.6
1422.4
557.4
205.2
0.0
0.0
0.0
0.0
0.0
259.0
1017.0
1495.0
1119.2
1488.0
937.0
303.0
0.0
0.0
0.0
0.0
0.0
240.4
480.8
800.0
1821.2
1160.6
552.2
366.8
0.0
0.0
0.0
0.0
0.0
103.2
577.4
390.0
2197.2
755.6
897.0
232.0
0.0
0.0
0.0
0.0
0.0
322.6
1190.4
2662.4
770.0
603.2
878.6
392.0
0.0
0.0
0.0
0.0
0.0
521.0
2514.0
1704.2
1952.8
1185.0
420.0
657.0
0.0
0.0
0.0
0.0
0.0
684.0
3017.2
2937.6
649.6
2500.4
866.8
326.4
0.0
0.0
0.0
0.0
0.0
2216.8
708.2
3255.6
3365.4
870.8
1073.6
398.8
0.0
0.0
0.0
0.0
0.0
1025.2
2856.6
2875.6
2408.8
1734.6
875.2
463.6
0.0
0.0
