352.8
0.0
0.0
0.0
0.0
193.0
538.8
233.0
274.4
364.0
255.4
0.0
0.0
0.0
0.0
0.0
0.0
0.0
666.8
157.0
234.4
292.4
299.2
0.0
0.0
0.0
0.0
0.0
166.8
0.0
0.0
0.0
0.0
0.0
0.0
0.0
0.0
0.0
0.0
0.0
0.0
0.0
167.6
0.0
0.0
0.0
0.0
0.0
0.0
0.0
0.0
0.0
0.0
0.0
0.0
197.6
159.6
179.4
181.4
137.0
0.0
0.0
0.0
0.0
0.0
0.0
0.0
0.0
255.8
333.2
325.6
0.0
0.0
0.0
0.0
0.0
205.6
0.0
446.6
236.4
218.4
176.4
287.2
0.0
0.0
0.0
0.0
0.0
0.0
321.2
2147.4
202.6
0.0
199.2
0.0
0.0
0.0
0.0
0.0
0.0
52.4
183.2
0.0
227.2
286.4
202.8
348.6
0.0
0.0
0.0
0.0
0.0
0.0
0.0
212.6
172.8
281.4
318.6
327.8
0.0
0.0
0.0
0.0
0.0
216.0
0.0
0.0
0.0
0.0
0.0
0.0
119.2
0.0
0.0
0.0
0.0
0.0
0.0
224.0
197.8
279.8
205.0
0.0
0.0
0.0
0.0
0.0
0.0
0.0
0.0
0.0
0.0
0.0
233.2
0.0
0.0
0.0
0.0
0.0
0.0
81.8
0.0
0.0
0.0
0.0
77.2
321.0
312.0
0.0
0.0
0.0
0.0
0.0
0.0
938.0
207.8
260.2
0.0
0.0
0.0
0.0
0.0
0.0
0.0
253.0
0.0
0.0
152.0
0.0
319.4
0.0
0.0
0.0
0.0
0.0
0.0
0.0
181.4
168.4
246.8
252.2
255.6
336.0
0.0
0.0
0.0
0.0
0.0
217.0
247.2
0.0
0.0
256.4
287.0
294.4
0.0
0.0
0.0
0.0
0.0
40.4
0.0
0.0
206.2
224.8
262.2
356.8
0.0
0.0
0.0
0.0
0.0
0.0
0.0
0.0
0.0
0.0
0.0
0.0
0.0
0.0
0.0
0.0
0.0
0.0
0.0
0.0
0.0
0.0
0.0
0.0
0.0
0.0
0.0
0.0
0.0
0.0
0.0
0.0
0.0
0.0
0.0
0.0
0.0
0.0
0.0
0.0
0.0
0.0
0.0
0.0
210.2
240.6
301.0
276.4
0.0
0.0
0.0
0.0
0.0
0.0
0.0
496.0
244.4
239.0
159.4
280.0
327.8
0.0
0.0
0.0
0.0
175.0
360.8
194.2
236.8
256.6
245.2
282.2
0.0
0.0
0.0
0.0
0.0
0.0
140.8
0.0
219.0
302.8
327.6
293.0
305.4
0.0
0.0
0.0
0.0
0.0
0.0
0.0
251.4
298.2
309.0
283.8
0.0
0.0
0.0
85.8
0.0
0.0
71.6
256.2
210.0
333.4
336.4
313.4
0.0
0.0
0.0
0.0
0.0
0.0
0.0
0.0
201.2
241.8
295.8
0.0
0.0
0.0
0.0
0.0
0.0
0.0
188.4
436.6
208.4
210.6
0.0
0.0
0.0
0.0
0.0
0.0
0.0
0.0
0.0
195.0
166.2
198.4
0.0
0.0
0.0
0.0
0.0
0.0
0.0
173.0
70.6
0.0
0.0
0.0
0.0
0.0
0.0
0.0
0.0
0.0
0.0
0.0
179.0
269.8
204.2
170.8
270.8
380.2
0.0
0.0
0.0
0.0
0.0
0.0
0.0
0.0
0.0
0.0
426.4
349.4
0.0
0.0
0.0
0.0
0.0
0.0
0.0
0.0
0.0
0.0
0.0
284.2
0.0
0.0
0.0
0.0
0.0
0.0
0.0
0.0
0.0
253.0
190.0
334.2
0.0
0.0
0.0
0.0
0.0
167.0
1908.0
251.6
0.0
222.2
0.0
0.0
0.0
0.0
0.0
0.0
0.0
0.0
0.0
0.0
0.0
248.6
0.0
0.0
0.0
0.0
0.0
0.0
0.0
0.0
202.8
194.6
254.0
203.0
320.0
383.6
0.0
0.0
0.0
0.0
0.0
254.4
159.4
1007.8
238.0
0.0
0.0
197.4
212.8
0.0
0.0
0.0
0.0
0.0
0.0
0.0
0.0
0.0
155.6
339.8
0.0
0.0
0.0
0.0
0.0
0.0
239.2
704.6
0.0
206.8
260.6
351.0
105.0
0.0
0.0
0.0
0.0
0.0
0.0
465.4
248.8
244.0
225.8
0.0
0.0
0.0
0.0
0.0
0.0
0.0
0.0
0.0
0.0
0.0
257.4
333.0
0.0
0.0
0.0
0.0
0.0
0.0
0.0
240.4
213.2
243.0
210.4
157.2
0.0
0.0
0.0
0.0
0.0
0.0
0.0
172.8
179.0
165.4
297.2
326.0
0.0
0.0
0.0
0.0
0.0
0.0
206.4
204.4
181.4
169.4
178.8
395.8
0.0
0.0
0.0
0.0
0.0
470.8
244.4
392.8
166.2
171.0
2945.6
434.2
0.0
0.0
0.0
0.0
0.0
0.0
0.0
0.0
0.0
86.6
258.0
354.2
0.0
0.0
0.0
0.0
0.0
0.0
0.0
0.0
181.8
0.0
298.8
20.4
0.0
0.0
0.0
0.0
0.0
0.0
220.2
1130.6
260.8
259.2
0.0
103.6
0.0
0.0
0.0
0.0
0.0
0.0
0.0
761.6
189.8
0.0
177.0
318.2
105.8
0.0
0.0
0.0
0.0
168.0
265.0
179.2
0.0
0.0
244.0
0.0
0.0
0.0
0.0
0.0
0.0
0.0
0.0
887.6
209.4
251.2
603.8
40.4
0.0
0.0
0.0
0.0
0.0
0.0
0.0
0.0
0.0
0.0
0.0
323.4
0.0
0.0
0.0
0.0
0.0
0.0
0.0
0.0
0.0
0.0
0.0
344.6
0.0
0.0
0.0
0.0
0.0
0.0
245.2
421.4
167.2
212.6
125.6
0.0
0.0
0.0
0.0
0.0
0.0
0.0
0.0
910.4
0.0
0.0
0.0
335.6
374.8
0.0
0.0
0.0
0.0
0.0
256.4
166.8
0.0
0.0
0.0
308.4
0.0
0.0
0.0
0.0
0.0
0.0
219.8
413.6
185.6
206.2
295.4
353.6
38.2
0.0
0.0
0.0
0.0
72.4
0.0
0.0
0.0
0.0
0.0
198.2
0.0
0.0
0.0
0.0
0.0
0.0
0.0
525.2
0.0
0.0
0.0
0.0
0.0
0.0
0.0
0.0
0.0
0.0
217.6
167.4
0.0
434.6
230.2
343.6
0.0
0.0
0.0
0.0
0.0
190.0
178.2
184.6
177.0
187.8
220.2
324.6
0.0
0.0
0.0
0.0
0.0
206.25
171.4
167.6
0.0
0.0
194.2
163.8
386.0
0.0
0.0
0.0
0.0
0.0
206.0
160.0
302.8
0.0
0.0
0.0
0.0
0.0
0.0
0.0
0.0
0.0
0.0
0.0
0.0
0.0
0.0
0.0
0.0
0.0
0.0
0.0
0.0
0.0
0.0
0.0
0.0
0.0
0.0
0.0
0.0
0.0
0.0
0.0
0.0
0.0
0.0
0.0
0.0
102.8
307.2
289.6
0.0
0.0
0.0
0.0
0.0
0.0
674.4
887.4
730.8
197.8
244.4
340.4
0.0
0.0
0.0
0.0
0.0
187.6
733.0
0.0
0.0
0.0
0.0
0.0
0.0
0.0
0.0
0.0
0.0
206.0
0.0
882.2
522.6
147.2
253.4
348.6
0.0
0.0
0.0
0.0
0.0
0.0
0.0
0.0
0.0
0.0
0.0
0.0
0.0
0.0
0.0
0.0
0.0
1857.0
0.0
669.6
339.8
586.4
0.0
0.0
0.0
0.0
0.0
0.0
0.0
211.0
658.2
733.0
0.0
696.2
171.2
306.0
417.2
0.0
0.0
0.0
110.0
0.0
558.4
581.8
584.8
619.0
0.0
348.2
0.0
0.0
0.0
0.0
0.0
32.8
740.6
995.2
604.2
641.0
0.0
324.2
0.0
0.0
0.0
0.0
0.0
0.0
601.8
1150.2
673.4
698.0
167.8
0.0
0.0
0.0
0.0
0.0
0.0
216.0
126.8
934.6
826.0
871.4
0.0
263.2
0.0
0.0
0.0
0.0
0.0
0.0
244.0
895.6
800.2
731.2
0.0
214.0
0.0
0.0
0.0
39.8
0.0
0.0
257.0
193.6
0.0
393.4
289.8
313.0
0.0
0.0
0.0
0.0
0.0
0.0
189.8
1978.0
825.6
912.4
161.6
286.0
0.0
0.0
0.0
0.0
0.0
0.0
648.8
684.6
711.4
700.6
0.0
305.8
0.0
0.0
0.0
0.0
0.0
0.0
837.0
893.2
903.6
1109.8
181.2
299.8
88.6
0.0
0.0
0.0
0.0
390.2
1117.4
2068.8
167.2
813.0
242.8
0.0
0.0
0.0
0.0
0.0
0.0
0.0
836.8
481.4
991.4
2904.4
167.2
327.8
0.0
0.0
0.0
0.0
0.0
502.0
167.8
1036.2
728.6
0.0
0.0
0.0
0.0
0.0
0.0
0.0
0.0
213.2
2259.4
867.8
719.2
145.6
375.8
85.6
0.0
0.0
0.0
0.0
0.0
0.0
714.8
737.6
844.8
212.4
232.4
449.6
0.0
0.0
0.0
0.0
0.0
195.4
840.6
908.0
961.8
355.8
237.8
0.0
0.0
0.0
0.0
0.0
0.0
0.0
472.4
1127.8
0.0
0.0
241.0
0.0
0.0
0.0
0.0
0.0
0.0
2644.2
214.666666666667
576.0
656.6
211.2
239.2
0.0
0.0
0.0
0.0
0.0
0.0
926.6
3468.0
837.6
733.6
182.6
179.6
0.0
0.0
0.0
0.0
0.0
498.4
240.2
0.0
538.8
926.0
209.8
238.6
0.0
0.0
0.0
0.0
0.0
0.0
2390.8
703.4
716.4
1839.0
0.0
0.0
0.0
0.0
0.0
0.0
0.0
0.0
0.0
506.0
753.6
753.6
169.2
360.6
0.0
0.0
0.0
0.0
0.0
0.0
0.0
718.6
743.6
732.0
0.0
0.0
291.4
0.0
0.0
0.0
0.0
221.8
183.4
749.4
869.4
1766.8
1140.4
174.0
0.0
0.0
0.0
0.0
0.0
0.0
0.0
776.8
749.0
0.0
0.0
0.0
0.0
290.0
0.0
0.0
0.0
0.0
216.8
846.0
198.6
0.0
0.0
160.6
0.0
0.0
0.0
0.0
0.0
0.0
0.0
0.0
0.0
0.0
0.0
0.0
0.0
0.0
0.0
0.0
0.0
0.0
250.2
716.4
2589.8
758.6
151.8
0.0
0.0
0.0
0.0
0.0
0.0
0.0
0.0
777.8
0.0
740.0
154.4
254.6
369.4
0.0
0.0
0.0
0.0
0.0
163.0
1531.4
727.4
754.6
0.0
173.0
113.0
0.0
0.0
0.0
0.0
0.0
2855.0
863.0
166.8
154.2
203.6
172.2
363.0
0.0
0.0
0.0
0.0
0.0
0.0
719.6
418.0
0.0
0.0
240.75
22.2
0.0
0.0
0.0
0.0
0.0
3535.6
834.8
280.0
756.0
375.6
246.4
0.0
0.0
0.0
0.0
0.0
0.0
0.0
850.0
410.8
943.4
0.0
0.0
90.0
0.0
0.0
0.0
0.0
0.0
3860.2
1425.2
0.0
199.4
175.6
170.2
88.8
0.0
0.0
0.0
0.0
0.0
2853.4
897.8
192.2
0.0
268.2
233.2
313.4
0.0
0.0
0.0
0.0
0.0
0.0
720.0
0.0
0.0
0.0
0.0
110.6
0.0
0.0
0.0
0.0
0.0
201.4
739.2
500.4
854.2
319.2
188.2
431.6
0.0
0.0
0.0
0.0
0.0
1453.0
2399.4
187.2
0.0
0.0
222.6
0.0
0.0
0.0
0.0
0.0
0.0
215.6
842.8
156.6
164.2
181.6
178.0
327.8
0.0
0.0
0.0
0.0
0.0
2767.2
1219.6
870.6
201.2
0.0
0.0
82.0
0.0
0.0
0.0
0.0
0.0
0.0
1138.0
198.0
0.0
0.0
0.0
112.2
0.0
0.0
0.0
0.0
491.4
0.0
836.0
351.2
3920.6
432.2
309.2
355.0
0.0
0.0
0.0
0.0
0.0
2701.8
734.8
148.2
754.6
0.0
173.4
295.4
0.0
0.0
0.0
0.0
0.0
2850.2
916.0
0.0
0.0
0.0
0.0
0.0
0.0
0.0
0.0
0.0
0.0
0.0
871.4
511.0
298.0
265.2
224.2
215.0
110.4
90.4
0.0
43.0
108.8
240.6
461.0
214.2
850.4
221.0
173.8
248.6
0.0
46.2
0.0
0.0
0.0
0.0
758.2
0.0
113.4
91.8
117.8
0.0
120.8
0.0
0.0
0.0
0.0
47.6
897.2
422.2
892.4
205.0
244.0
106.2
0.0
0.0
22.0
66.2
117.2
914.4
1138.8
431.8
895.4
171.2
167.6
320.0
23.0
115.8
45.4
0.0
0.0
0.0
93.8
0.0
116.0
0.0
0.0
292.6
0.0
92.4
0.0
0.0
0.0
873.6
761.0
0.0
0.0
129.6
260.0
298.4
0.0
0.0
0.0
0.0
0.0
0.0
848.6
0.0
211.2
252.2
0.0
164.0
122.8
118.0
0.0
0.0
0.0
93.6
730.6
192.0
0.0
297.6
0.0
136.2
0.0
0.0
0.0
0.0
22.8
849.0
220.8
179.8
424.0
211.4
309.0
92.8
0.0
70.4
0.0
0.0
118.4
1511.8
912.6
228.2
0.0
47.8
71.8
81.8
118.8
95.2
0.0
0.0
0.0
1543.8
205.0
112.0
0.0
101.8
0.0
334.2
118.2
46.0
22.4
118.0
0.0
23.4
196.0
116.4
0.0
0.0
289.2
304.2
0.0
0.0
0.0
0.0
47.0
0.0
926.2
236.0
161.4
476.0
187.6
349.6
22.8
0.0
0.0
0.0
212.2
795.0
873.6
160.2
0.0
207.2
163.2
141.2
0.0
0.0
117.2
0.0
0.0
82.6
20.2
0.0
0.0
531.6
229.2
345.2
117.8
118.0
0.0
0.0
495.8
3487.6
0.0
0.0
193.2
978.0
233.2
110.8
69.6
0.0
0.0
0.0
332.4
3501.6
1418.4
67.4
220.2
296.8
254.4
0.0
0.0
0.0
0.0
0.0
164.4
0.0
769.6
216.2
1450.6
164.6
214.6
283.8
0.0
0.0
0.0
22.8
518.6
0.0
898.0
83.8
0.0
265.4
171.4
0.0
118.0
0.0
118.6
0.0
0.0
2122.4
789.2
497.2
900.6
165.0
257.6
329.8
0.0
0.0
0.0
0.0
46.2
689.8
795.0
0.0
0.0
0.0
0.0
20.4
119.0
0.0
0.0
70.0
0.0
20.8
808.2
0.0
0.0
231.0
49.6
22.8
0.0
23.0
0.0
0.0
0.0
246.6
914.0
0.0
114.4
0.0
0.0
0.0
118.0
0.0
0.0
93.2
0.0
119.6
741.0
241.0
0.0
46.6
119.2
128.0
118.0
96.8
0.0
0.0
0.0
0.0
249.0
930.4
757.6
276.2
0.0
0.0
47.2
0.0
23.0
0.0
0.0
0.0
0.0
729.4
735.8
758.6
0.0
320.4
0.0
0.0
0.0
0.0
0.0
1220.8
202.0
947.6
3390.0
872.2
210.4
289.4
49.0
116.6
22.8
0.0
0.0
117.8
0.0
803.8
960.4
177.2
241.0
0.0
69.2
0.0
0.0
0.0
0.0
189.0
201.4
899.8
167.0
225.6
166.6
277.6
0.0
23.4
0.0
0.0
0.0
1471.8
23.0
757.8
46.6
176.0
250.2
0.0
46.8
119.2
47.8
0.0
93.0
2474.0
949.6
742.0
0.0
51.8
72.2
24.8
0.0
