0.0
0.0
0.0
22.0
108.8
2593.6
0.0
24.2
130.6
0.0
0.0
71.4
0.0
179.8
0.0
0.0
257.8
260.0
0.0
0.0
0.0
66.0
46.6
113.4
0.0
0.0
0.0
0.0
69.0
152.6
0.0
0.0
0.0
0.0
0.0
0.0
0.0
0.0
0.0
0.0
0.0
0.0
0.0
0.0
0.0
0.0
0.0
0.0
0.0
0.0
0.0
0.0
0.0
0.0
0.0
1446.2
28.6
153.2
33.0
268.6
0.0
0.0
0.0
0.0
0.0
0.0
851.2
29.4
161.8
93.2
0.0
268.0
0.0
0.0
0.0
0.0
137.2
607.2
0.0
22.0
0.0
0.0
131.6
0.0
0.0
0.0
0.0
0.0
128.2
53.0
1015.6
0.0
0.0
0.0
115.4
218.0
0.0
0.0
0.0
0.0
0.0
2096.8
180.8
0.0
0.0
118.8
0.0
0.0
20.2
0.0
0.0
0.0
135.8
0.0
114.6
108.4
93.4
3173.2
113.8
133.6
0.0
184.4
0.0
0.0
47.6
0.0
0.0
0.0
0.0
0.0
0.0
126.8
0.0
0.0
0.0
0.0
0.0
0.0
0.0
555.8
0.0
148.0
0.0
0.0
0.0
0.0
0.0
0.0
0.0
0.0
0.0
0.0
0.0
246.2
0.0
0.0
0.0
0.0
0.0
0.0
207.4
0.0
785.8
0.0
148.6
52.2
0.0
0.0
20.8
0.0
0.0
0.0
0.0
0.0
512.6
0.0
0.0
225.8
0.0
46.2
0.0
0.0
0.0
0.0
74.8
190.6
0.0
109.8
180.0
20.2
0.0
0.0
0.0
0.0
0.0
0.0
90.8
220.4
31.6
123.8
92.6
122.2
123.2
85.4
0.0
0.0
0.0
0.0
0.0
48.4
0.0
0.0
0.0
121.4
97.4
23.0
0.0
270.8
0.0
21.2
92.0
320.2
20.8
0.0
0.0
51.6
46.6
112.0
0.0
0.0
0.0
0.0
798.8
0.0
0.0
0.0
0.0
0.0
0.0
0.0
0.0
0.0
0.0
0.0
0.0
0.0
0.0
0.0
0.0
0.0
0.0
0.0
0.0
0.0
0.0
0.0
0.0
0.0
0.0
0.0
0.0
0.0
0.0
0.0
0.0
0.0
0.0
0.0
0.0
0.0
0.0
52.6
0.0
0.0
0.0
211.2
0.0
131.4
0.0
0.0
359.6
392.2
24.4
0.0
43.0
0.0
0.0
0.0
0.0
0.0
0.0
0.0
0.0
91.0
62.4
0.0
111.2
0.0
44.6
119.4
0.0
0.0
0.0
0.0
1421.8
0.0
190.4
124.6
114.2
0.0
115.6
0.0
0.0
0.0
86.0
0.0
119.4
207.0
0.0
0.0
283.6
107.2
151.8
116.0
0.0
0.0
0.0
0.0
0.0
2714.2
625.4
0.0
0.0
25.4
0.0
116.2
0.0
0.0
0.0
175.8
0.0
0.0
0.0
0.0
0.0
29.0
101.8
149.4
0.0
0.0
0.0
0.0
0.0
0.0
631.2
0.0
121.6
0.0
0.0
0.0
0.0
0.0
0.0
0.0
0.0
0.0
0.0
0.0
198.8
0.0
0.0
69.0
0.0
0.0
0.0
0.0
0.0
156.8
0.0
0.0
0.0
0.0
0.0
0.0
0.0
0.0
0.0
0.0
0.0
0.0
154.8
854.4
0.0
156.6
46.8
0.0
0.0
0.0
84.2
0.0
0.0
0.0
0.0
0.0
0.0
137.6
63.0
0.0
0.0
0.0
0.0
0.0
0.0
0.0
0.0
0.0
0.0
0.0
0.0
42.4
0.0
0.0
0.0
0.0
0.0
114.6
142.6
0.0
0.0
0.0
0.0
0.0
0.0
0.0
0.0
0.0
45.6
267.4
0.0
0.0
20.4
125.6
24.2
0.0
221.8
0.0
0.0
0.0
0.0
0.0
0.0
0.0
0.0
20.8
0.0
0.0
0.0
0.0
0.0
0.0
0.0
0.0
0.0
226.2
0.0
0.0
148.6
109.0
83.2
0.0
0.0
0.0
156.2
259.2
940.8
0.0
0.0
2803.4
0.0
105.2
0.0
0.0
0.0
129.4
0.0
0.0
884.4
0.0
0.0
322.4
52.4
91.8
0.0
0.0
0.0
0.0
182.6
0.0
20.6
20.6
0.0
290.6
0.0
0.0
0.0
0.0
0.0
0.0
245.2
0.0
0.0
87.8
0.0
27.6
0.0
0.0
0.0
0.0
0.0
0.0
0.0
99.0
220.4
101.4
0.0
270.8
21.2
0.0
0.0
0.0
0.0
43.2
61.4
63.2
220.8
0.0
124.6
152.2
75.8
122.8
0.0
0.0
0.0
0.0
0.0
0.0
0.0
0.0
22.0
0.0
117.4
122.2
0.0
0.0
0.0
0.0
182.6
0.0
809.6
0.0
0.0
159.2
140.6
0.0
0.0
0.0
0.0
0.0
0.0
269.6
0.0
0.0
0.0
855.2
22.8
0.0
0.0
0.0
0.0
0.0
72.4
313.2
0.0
0.0
0.0
97.2
244.4
0.0
0.0
0.0
0.0
0.0
0.0
0.0
614.6
112.2
0.0
137.4
57.8
122.2
0.0
0.0
0.0
0.0
0.0
48.2
23.6
139.6
561.0
133.6
0.0
127.0
0.0
23.2
0.0
0.0
107.6
3369.0
61.6
40.4
0.0
86.0
152.4
82.2
0.0
0.0
0.0
0.0
187.4
23.4
0.0
0.0
0.0
103.0
0.0
0.0
0.0
0.0
0.0
0.0
0.0
0.0
0.0
0.0
39.0
453.8
21.6
0.0
0.0
0.0
0.0
0.0
0.0
0.0
0.0
0.0
0.0
0.0
131.8
123.8
0.0
0.0
0.0
0.0
0.0
0.0
985.2
3403.2
0.0
0.0
0.0
122.4
0.0
0.0
0.0
0.0
0.0
0.0
0.0
0.0
0.0
59.6
0.0
84.2
0.0
0.0
0.0
0.0
0.0
112.2
923.0
0.0
0.0
0.0
122.8
48.8
0.0
0.0
207.6
0.0
0.0
241.0
0.0
0.0
0.0
117.4
97.0
123.0
0.0
0.0
0.0
0.0
92.8
0.0
0.0
0.0
22.0
0.0
123.4
57.2
0.0
57.8
0.0
0.0
0.0
3475.0
999.0
0.0
0.0
52.0
124.2
0.0
0.0
0.0
0.0
0.0
0.0
50.6
0.0
0.0
0.0
0.0
0.0
0.0
0.0
0.0
0.0
0.0
0.0
3418.0
166.6
0.0
20.4
100.2
0.0
74.6
0.0
0.0
0.0
0.0
0.0
329.2
347.6
0.0
0.0
251.0
0.0
0.0
0.0
0.0
0.0
0.0
0.0
267.0
589.8
0.0
0.0
231.8
0.0
132.0
0.0
0.0
0.0
0.0
278.2
59.4
648.6
0.0
0.0
0.0
0.0
0.0
0.0
0.0
0.0
0.0
0.0
0.0
0.0
0.0
0.0
0.0
0.0
0.0
0.0
0.0
0.0
0.0
0.0
0.0
0.0
0.0
0.0
0.0
0.0
125.0
0.0
158.4
0.0
0.0
0.0
0.0
0.0
3230.4
0.0
118.6
114.8
116.0
0.0
0.0
0.0
0.0
35.6
1142.6
98.8
1215.6
680.4
114.4
0.0
57.2
0.0
0.0
0.0
0.0
0.0
834.4
0.0
0.0
0.0
68.6
79.8
0.0
0.0
0.0
0.0
0.0
0.0
551.0
1225.2
1106.4
59.8
117.4
126.2
0.0
0.0
0.0
0.0
0.0
0.0
0.0
0.0
490.2
511.6
0.0
362.4
123.8
0.0
0.0
196.2
0.0
760.6
0.0
1167.8
787.0
1192.0
0.0
120.8
120.8
167.0
0.0
0.0
0.0
0.0
1206.8
1527.4
0.0
1190.6
259.2
104.8
0.0
0.0
0.0
0.0
60.4
0.0
1198.0
1185.6
1228.8
1239.2
0.0
61.6
132.8
0.0
0.0
0.0
0.0
32.4
1217.2
1251.4
1281.4
1300.0
0.0
0.0
26.0
0.0
0.0
24.0
0.0
0.0
1509.4
1394.8
1385.8
1322.4
3250.4
129.4
0.0
0.0
0.0
22.6
0.0
0.0
768.6
2690.0
1321.4
1351.2
0.0
66.8
0.0
0.0
0.0
0.0
0.0
0.0
528.5
1827.2
3421.2
1470.4
0.0
0.0
127.4
0.0
104.2
0.0
0.0
44.2
650.2
659.0
629.8
595.4
0.0
130.8
24.0
0.0
0.0
0.0
0.0
0.0
642.6
1407.8
2014.8
1423.2
0.0
40.4
25.8
0.0
0.0
0.0
0.0
0.0
1372.2
1442.2
1436.2
1444.8
0.0
0.0
0.0
0.0
0.0
0.0
0.0
0.0
1371.2
1448.2
1555.4
1345.2
115.0
0.0
95.8
0.0
0.0
0.0
0.0
0.0
1683.2
1391.0
817.0
1484.8
60.6
139.4
228.4
0.0
66.0
0.0
0.0
0.0
1596.6
1051.0
1554.2
1474.0
0.0
120.4
49.2
0.0
111.8
0.0
0.0
0.0
854.2
1479.6
1397.8
558.4
0.0
105.2
0.0
0.0
0.0
204.4
0.0
91.8
1363.8
1355.6
1359.8
274.0
591.2
125.0
0.0
0.0
0.0
20.4
111.8
0.0
1428.6
2800.0
1336.4
211.8
0.0
157.8
0.0
0.0
0.0
0.0
81.2
0.0
1452.8
1686.2
1358.6
385.6
0.0
128.8
0.0
0.0
0.0
0.0
0.0
0.0
1413.0
4827.2
0.0
98.6
112.4
0.0
0.0
0.0
0.0
0.0
0.0
373.2
815.0
1245.0
754.4
0.0
88.2
131.2
0.0
0.0
0.0
0.0
0.0
839.0
1611.2
4621.0
1437.6
0.0
146.8
141.8
46.6
0.0
0.0
0.0
0.0
1177.0
660.2
1389.2
1426.6
127.6
127.0
144.4
0.0
0.0
0.0
0.0
0.0
806.8
1515.4
1539.6
1398.4
0.0
0.0
131.2
0.0
0.0
0.0
0.0
0.0
953.6
1094.4
2072.8
1375.4
325.8
86.0
0.0
107.8
0.0
134.8
0.0
612.0
614.8
1356.4
1375.8
1372.8
914.0
0.0
144.6
0.0
110.0
0.0
111.8
0.0
504.0
1316.0
1391.2
1397.4
272.8
118.6
0.0
0.0
0.0
0.0
0.0
0.0
561.0
1603.6
1411.4
502.8
93.6
0.0
91.6
0.0
0.0
0.0
0.0
0.0
20.4
1368.4
534.2
496.6
202.0
0.0
194.2
0.0
0.0
0.0
0.0
0.0
0.0
0.0
0.0
0.0
0.0
0.0
173.0
0.0
0.0
0.0
0.0
0.0
148.4
1362.4
3196.2
1413.8
352.2
191.4
202.2
0.0
0.0
94.4
0.0
0.0
0.0
1479.4
0.0
1359.2
365.2
81.6
22.4
0.0
0.0
0.0
0.0
0.0
0.0
1376.2
1365.6
1443.4
0.0
150.0
31.4
0.0
0.0
0.0
0.0
0.0
0.0
1530.8
519.8
530.8
0.0
20.2
0.0
0.0
0.0
0.0
0.0
0.0
3378.8
1355.4
429.8
506.4
214.2
195.75
180.0
0.0
0.0
0.0
0.0
0.0
918.0
2347.2
786.6
1412.4
361.8
96.4
53.0
0.0
0.0
0.0
0.0
97.4
1001.0
1358.0
794.4
1428.8
194.4
34.2
138.4
0.0
0.0
0.0
0.0
0.0
1197.4
1405.6
446.8
534.6
162.0
53.6
192.8
0.0
0.0
0.0
0.0
0.0
0.0
1433.0
462.6
1473.6
212.0
41.4
132.8
0.0
0.0
0.0
0.0
0.0
0.0
1345.0
432.0
535.4
473.2
21.8
74.0
0.0
0.0
107.4
0.0
0.0
20.2
1391.0
4040.0
1552.2
986.2
69.0
137.6
0.0
0.0
0.0
0.0
0.0
199.8
2108.4
462.0
510.8
211.4
22.2
102.0
0.0
0.0
0.0
0.0
0.0
0.0
1393.4
400.2
535.8
107.6
0.0
113.8
0.0
87.0
0.0
0.0
0.0
0.0
1491.2
486.6
551.6
632.4
0.0
0.0
0.0
29.0
58.6
0.0
0.0
40.4
1364.4
554.0
515.2
128.8
0.0
130.8
0.0
0.0
0.0
0.0
0.0
233.6
1505.8
576.0
3095.0
610.2
188.4
122.6
0.0
0.0
0.0
56.0
0.0
551.2
1500.8
3836.4
1403.2
783.6
311.2
127.6
132.2
0.0
0.0
30.6
0.0
1624.4
1655.6
0.0
0.0
0.0
0.0
0.0
0.0
0.0
0.0
0.0
0.0
207.2
1357.8
1621.4
2151.6
2103.8
441.4
123.8
44.6
827.8
893.8
0.0
0.0
192.2
641.6
715.2
525.4
266.4
125.0
134.2
0.0
0.0
0.0
0.0
647.0
717.8
1350.4
602.8
505.6
104.8
0.0
134.6
0.0
0.0
0.0
0.0
110.6
0.0
1194.2
1727.2
1440.4
20.4
138.4
0.0
0.0
0.0
0.0
0.0
696.0
64.2
1369.0
555.4
1419.4
776.2
63.2
104.0
61.0
0.0
0.0
40.8
0.0
0.0
532.0
537.8
512.8
785.4
0.0
61.2
21.2
0.0
20.2
0.0
0.0
2806.4
1366.4
1999.4
519.0
327.4
67.4
40.6
32.4
0.0
0.0
202.0
0.0
324.8
1523.2
1200.6
651.2
605.4
41.6
152.4
85.0
0.0
0.0
0.0
559.4
110.4
1355.2
544.8
547.4
21.4
86.0
156.0
0.0
0.0
0.0
0.0
0.0
104.4
509.0
1118.4
574.0
227.2
137.4
136.2
0.0
0.0
0.0
0.0
679.0
1894.2
1346.6
1856.0
545.6
202.8
123.2
134.2
0.0
0.0
0.0
0.0
663.8
1643.4
2695.4
432.8
541.8
206.4
63.0
134.8
0.0
31.8
0.0
0.0
640.6
765.4
508.0
469.4
551.6
152.6
140.8
136.6
0.0
0.0
0.0
20.2
634.0
733.6
1632.2
438.2
521.0
104.2
24.0
130.0
0.0
20.2
0.0
0.0
679.0
743.6
1390.6
470.0
545.0
193.2
109.6
122.2
0.0
754.8
886.8
0.0
0.0
0.0
491.4
439.8
549.4
205.8
0.0
74.8
0.0
62.2
0.0
20.2
604.6
1585.6
1173.4
431.0
536.4
79.6
128.8
134.6
0.0
0.0
0.0
0.0
520.4
1558.6
1341.6
3728.6
549.8
711.2
89.0
103.6
0.0
20.6
60.6
0.0
512.8
758.0
1393.4
436.2
1273.2
108.6
0.0
0.0
0.0
0.0
40.4
0.0
535.4
760.6
2322.2
3707.8
517.2
281.8
0.0
135.8
0.0
0.0
20.2
0.0
1996.8
1940.4
1353.6
818.2
1374.8
132.0
41.0
139.2
20.2
0.0
0.0
0.0
511.6
725.8
1387.8
3777.8
539.4
461.6
140.6
110.0
20.2
52.0
51.6
0.0
502.6
700.8
2028.0
411.4
506.8
238.8
117.2
129.0
20.2
0.0
0.0
41.0
505.0
739.2
1363.4
555.8
531.2
238.0
0.0
0.0
20.2
44.4
0.0
0.0
471.6
783.4
1400.4
381.4
562.4
285.4
40.4
136.6
20.4
0.0
61.0
103.8
539.8
1077.4
66.6
4728.2
1402.6
552.4
124.2
103.0
0.0
0.0
25.4
0.0
716.0
0.0
0.0
1387.8
1358.8
1386.4
0.0
107.8
0.0
0.0
0.0
0.0
707.2
1171.8
0.0
1363.0
3836.6
1424.4
90.6
106.8
0.0
0.0
62.8
0.0
1101.6
730.4
0.0
3978.0
1371.6
557.0
139.6
49.2
109.2
726.8
817.2
0.0
0.0
2185.6
0.0
1372.6
583.4
785.8
20.2
47.6
0.0
0.0
0.0
0.0
680.4
1576.4
1109.4
4614.2
533.6
507.8
145.0
0.0
32.4
0.0
0.0
0.0
686.0
1569.4
0.0
1374.6
547.2
511.8
106.8
106.4
0.0
