0.0
0.0
0.0
0.0
0.0
230.8
374.2
272.8
34.0
0.0
0.0
0.0
0.0
0.0
0.0
0.0
0.0
45.0
117.8
73.6
43.0
0.0
0.0
0.0
0.0
0.0
0.0
0.0
0.0
125.6
0.0
0.0
0.0
0.0
0.0
0.0
0.0
0.0
0.0
0.0
0.0
74.0
282.6
0.0
0.0
0.0
0.0
0.0
0.0
0.0
0.0
0.0
0.0
0.0
0.0
206.4
62.0
0.0
0.0
0.0
0.0
0.0
0.0
0.0
0.0
484.6
561.2
392.0
66.0
0.0
0.0
0.0
0.0
0.0
0.0
0.0
0.0
91.0
390.4
447.6
52.0
0.0
0.0
0.0
0.0
0.0
0.0
0.0
0.0
80.0
329.0
62.0
19.0
0.0
0.0
0.0
0.0
0.0
0.0
0.0
0.0
46.0
132.6
256.6
28.0
0.0
0.0
0.0
0.0
0.0
0.0
0.0
0.0
158.0
357.0
76.8
15.0
0.0
0.0
0.0
0.0
0.0
0.0
0.0
0.0
0.0
0.0
0.0
0.0
0.0
0.0
0.0
0.0
0.0
0.0
0.0
0.0
0.0
77.0
200.2
23.0
0.0
0.0
0.0
0.0
0.0
0.0
0.0
0.0
273.6
726.6
177.2
70.4
0.0
0.0
0.0
0.0
0.0
0.0
0.0
0.0
0.0
468.8
287.8
104.0
0.0
0.0
0.0
0.0
0.0
0.0
0.0
0.0
83.0
1002.0
224.2
73.0
0.0
0.0
0.0
0.0
0.0
0.0
0.0
0.0
129.6
0.0
257.8
20.0
0.0
0.0
0.0
0.0
0.0
0.0
0.0
0.0
689.6
534.8
651.4
64.0
0.0
0.0
0.0
0.0
0.0
0.0
0.0
0.0
806.8
0.0
0.0
60.0
0.0
0.0
0.0
0.0
0.0
0.0
0.0
0.0
62.0
241.2
272.0
62.0
0.0
0.0
0.0
0.0
0.0
0.0
0.0
0.0
0.0
0.0
0.0
0.0
0.0
0.0
0.0
0.0
0.0
0.0
0.0
0.0
0.0
0.0
0.0
0.0
0.0
0.0
0.0
0.0
0.0
0.0
0.0
0.0
0.0
0.0
0.0
0.0
0.0
0.0
0.0
0.0
0.0
0.0
0.0
0.0
0.0
0.0
370.8
92.0
0.0
0.0
0.0
0.0
0.0
0.0
0.0
0.0
160.0
290.0
142.0
98.0
0.0
0.0
0.0
0.0
0.0
0.0
0.0
0.0
71.0
239.8
300.0
149.0
0.0
0.0
0.0
0.0
0.0
0.0
0.0
0.0
109.0
226.8
205.2
37.0
0.0
0.0
0.0
0.0
0.0
0.0
0.0
0.0
89.0
0.0
237.8
102.4
0.0
0.0
0.0
0.0
0.0
0.0
0.0
0.0
163.6
243.4
108.0
65.0
0.0
0.0
0.0
0.0
0.0
0.0
0.0
0.0
90.0
367.2
222.8
73.2
0.0
0.0
0.0
0.0
0.0
0.0
0.0
0.0
410.6
242.2
253.8
132.8
0.0
0.0
0.0
0.0
0.0
0.0
0.0
0.0
0.0
0.0
19.0
0.0
0.0
0.0
0.0
0.0
0.0
0.0
0.0
0.0
18.0
0.0
0.0
0.0
0.0
0.0
0.0
0.0
0.0
0.0
0.0
0.0
74.0
175.4
328.0
94.0
0.0
0.0
0.0
0.0
0.0
0.0
0.0
0.0
309.2
350.4
578.2
56.0
0.0
0.0
0.0
0.0
0.0
0.0
0.0
0.0
0.0
0.0
0.0
0.0
0.0
0.0
0.0
0.0
0.0
0.0
0.0
0.0
1432.2
191.6
439.4
147.8
0.0
0.0
0.0
0.0
0.0
0.0
0.0
0.0
274.2
609.2
460.4
237.2
0.0
0.0
0.0
0.0
0.0
0.0
0.0
0.0
0.0
1354.0
429.6
201.2
0.0
0.0
0.0
0.0
0.0
0.0
0.0
0.0
274.0
1001.2
507.0
152.8
0.0
0.0
0.0
0.0
0.0
0.0
0.0
0.0
151.0
274.2
302.8
192.6
0.0
0.0
0.0
0.0
0.0
0.0
0.0
0.0
221.0
402.8
237.6
66.0
0.0
0.0
0.0
0.0
0.0
0.0
0.0
0.0
240.0
714.4
595.0
182.0
0.0
0.0
0.0
0.0
0.0
0.0
0.0
0.0
189.0
426.0
363.2
131.0
0.0
0.0
0.0
0.0
0.0
0.0
0.0
0.0
787.2
1409.2
307.2
150.4
0.0
0.0
0.0
0.0
0.0
0.0
0.0
160.0
1775.6
773.6
374.4
159.2
0.0
0.0
0.0
0.0
0.0
0.0
0.0
151.0
662.4
1482.6
384.0
326.0
0.0
0.0
0.0
0.0
0.0
0.0
0.0
0.0
428.4
834.0
437.6
199.0
0.0
0.0
0.0
0.0
0.0
0.0
0.0
0.0
121.0
241.6
235.6
187.0
0.0
0.0
0.0
0.0
0.0
0.0
0.0
0.0
344.2
498.0
311.0
122.6
0.0
0.0
0.0
0.0
0.0
0.0
0.0
0.0
279.4
617.8
463.2
0.0
0.0
0.0
0.0
0.0
0.0
0.0
0.0
0.0
627.2
1455.2
399.0
207.2
0.0
0.0
0.0
0.0
0.0
0.0
0.0
123.2
218.4
267.4
415.2
0.0
0.0
0.0
0.0
0.0
0.0
0.0
0.0
0.0
1036.4
1339.0
486.4
0.0
0.0
0.0
0.0
0.0
0.0
0.0
0.0
0.0
89.0
210.6
367.2
351.2
0.0
0.0
0.0
0.0
0.0
0.0
0.0
257.8
1112.4
416.0
811.6
411.6
0.0
0.0
0.0
0.0
0.0
0.0
0.0
0.0
1723.0
2106.8
596.8
334.8
0.0
0.0
0.0
0.0
0.0
0.0
0.0
0.0
823.8
709.2
738.8
345.2
0.0
0.0
0.0
0.0
0.0
0.0
0.0
67.2
490.6
1115.6
267.2
112.0
0.0
0.0
0.0
0.0
0.0
0.0
0.0
122.8
1206.0
2165.4
0.0
439.6
0.0
0.0
0.0
0.0
0.0
0.0
0.0
0.0
217.8
161.0
723.4
340.4
0.0
0.0
0.0
0.0
0.0
0.0
0.0
301.2
1832.8
1690.4
618.0
357.4
0.0
0.0
0.0
0.0
0.0
0.0
0.0
0.0
794.8
2154.4
935.6
502.0
0.0
0.0
0.0
0.0
0.0
0.0
0.0
1576.0
1686.0
1033.0
0.0
661.6
0.0
0.0
0.0
0.0
0.0
0.0
0.0
393.0
1170.8
651.2
662.8
380.6
0.0
0.0
0.0
0.0
0.0
0.0
0.0
1352.25
731.2
258.6
0.0
308.2
0.0
0.0
0.0
0.0
0.0
0.0
0.0
899.6
1718.0
1586.8
1068.6
0.0
0.0
0.0
0.0
0.0
0.0
0.0
0.0
0.0
0.0
0.0
0.0
0.0
0.0
0.0
0.0
0.0
0.0
0.0
0.0
0.0
0.0
0.0
0.0
0.0
0.0
0.0
0.0
0.0
0.0
0.0
0.0
215.2
469.2
0.0
176.4
292.6
0.0
0.0
0.0
0.0
0.0
0.0
0.0
608.2
1592.0
2147.4
719.2
215.8
0.0
0.0
0.0
0.0
0.0
0.0
0.0
1405.2
2598.8
0.0
0.0
0.0
0.0
0.0
0.0
0.0
0.0
0.0
0.0
140.0
577.0
1419.0
912.8
497.6
0.0
0.0
0.0
0.0
0.0
0.0
0.0
100.0
712.8
404.0
357.4
189.2
0.0
0.0
0.0
0.0
0.0
0.0
0.0
94.4
0.0
793.8
462.2
81.0
0.0
0.0
0.0
0.0
0.0
0.0
0.0
1323.6
1544.6
1523.2
0.0
422.4
0.0
0.0
0.0
0.0
0.0
0.0
0.0
1052.2
2357.8
2051.6
898.8
285.6
0.0
0.0
0.0
0.0
0.0
0.0
0.0
1320.2
2544.2
2051.2
843.2
272.0
0.0
0.0
0.0
0.0
0.0
0.0
0.0
1456.6
2374.6
2083.6
866.8
300.0
0.0
0.0
0.0
0.0
0.0
0.0
0.0
574.4
1912.0
2197.0
888.0
276.0
75.0
0.0
0.0
0.0
0.0
0.0
0.0
292.8
916.0
765.2
382.0
268.0
72.0
0.0
0.0
0.0
0.0
0.0
0.0
85.2
280.4
924.0
546.0
253.2
0.0
0.0
0.0
0.0
0.0
0.0
0.0
1629.0
2718.8
2170.8
927.4
612.4
69.2
0.0
0.0
0.0
0.0
0.0
0.0
165.0
737.2
2559.2
1118.4
271.8
66.0
0.0
0.0
0.0
0.0
0.0
0.0
1910.0
2666.4
2305.0
1152.6
537.6
93.4
0.0
0.0
0.0
0.0
0.0
0.0
115.0
614.4
302.0
740.4
490.6
0.0
0.0
0.0
0.0
0.0
0.0
0.0
1162.4
509.2
557.8
368.0
499.8
0.0
0.0
0.0
0.0
0.0
0.0
0.0
918.6
1718.4
2857.6
996.8
442.2
0.0
0.0
0.0
0.0
0.0
0.0
0.0
214.4
505.0
456.8
685.6
505.2
0.0
0.0
0.0
0.0
0.0
0.0
0.0
1616.0
3224.4
2561.4
286.2
639.2
138.0
0.0
0.0
0.0
0.0
0.0
0.0
436.2
3261.0
2514.6
1196.8
338.6
191.8
0.0
0.0
0.0
0.0
0.0
0.0
815.4
717.4
2795.2
0.0
368.0
130.6
0.0
0.0
0.0
0.0
0.0
0.0
233.8
1072.33333333333
896.4
946.2
770.2
87.6
0.0
0.0
0.0
0.0
0.0
0.0
1133.8
824.6
815.2
836.0
320.4
88.8
0.0
0.0
0.0
0.0
0.0
0.0
341.0
2612.8
2310.4
1187.2
327.4
310.6
0.0
0.0
0.0
0.0
0.0
0.0
2812.4
2982.8
1184.8
1613.0
550.4
134.0
0.0
0.0
0.0
0.0
0.0
0.0
635.4
2503.2
1157.4
1050.8
385.8
117.2
0.0
0.0
0.0
0.0
0.0
80.0
2207.8
3217.2
2406.4
1372.8
412.8
117.2
0.0
0.0
0.0
0.0
0.0
0.0
260.4
508.0
2746.0
1254.0
266.4
129.0
0.0
0.0
0.0
0.0
0.0
0.0
2082.8
2815.0
2465.4
1309.8
342.0
154.0
0.0
0.0
0.0
0.0
0.0
144.0
2549.0
3014.0
2527.2
1260.8
277.6
148.0
0.0
0.0
0.0
0.0
0.0
0.0
0.0
0.0
0.0
0.0
0.0
122.0
0.0
0.0
0.0
0.0
0.0
286.0
2106.8
2960.2
2532.0
1369.6
510.8
202.8
0.0
0.0
0.0
0.0
0.0
0.0
395.8
1926.4
0.0
1443.0
870.4
178.4
0.0
0.0
0.0
0.0
0.0
377.0
2735.6
1668.2
2671.0
1182.4
876.0
258.8
0.0
0.0
0.0
0.0
0.0
694.8
2793.8
3158.8
2580.2
1271.6
238.0
170.0
0.0
0.0
0.0
0.0
0.0
235.0
2669.2
3030.0
2483.8
1365.2
552.0
181.25
0.0
0.0
0.0
0.0
0.0
368.2
3034.4
2281.6
1956.0
1134.6
476.4
343.6
0.0
0.0
0.0
0.0
0.0
799.8
2531.2
1798.8
2026.2
1472.0
364.4
148.0
0.0
0.0
0.0
0.0
0.0
856.2
3086.4
3227.6
2761.6
1379.6
244.0
148.4
0.0
0.0
0.0
0.0
0.0
982.8
2995.6
3304.0
2686.0
1412.8
264.0
170.0
0.0
0.0
0.0
0.0
0.0
1123.8
3030.8
3237.4
2653.6
1413.6
235.2
152.8
0.0
0.0
0.0
0.0
0.0
74.0
985.8
1197.2
687.6
1244.0
614.2
154.0
0.0
0.0
0.0
0.0
0.0
363.2
2978.2
3216.2
2698.0
1443.2
286.8
167.0
0.0
0.0
0.0
0.0
0.0
909.6
2957.0
3270.0
2727.2
1467.6
245.2
202.0
0.0
0.0
0.0
0.0
0.0
178.0
1070.2
1271.6
786.6
1461.6
251.6
78.8
0.0
0.0
0.0
0.0
0.0
107.2
681.2
2914.2
1522.2
1556.6
652.2
172.0
0.0
0.0
0.0
0.0
0.0
145.0
292.6
396.2
381.6
304.0
235.4
189.6
0.0
0.0
0.0
0.0
0.0
0.0
616.4
2972.2
2830.8
1467.0
587.4
219.8
0.0
0.0
0.0
0.0
0.0
1253.6
3033.8
3199.6
0.0
0.0
0.0
0.0
0.0
0.0
0.0
0.0
0.0
0.0
1501.0
2005.0
438.0
932.6
572.0
142.0
0.0
0.0
0.0
0.0
0.0
151.6
1012.8
2135.8
2204.6
1331.6
698.4
248.6
0.0
0.0
0.0
0.0
0.0
1599.6
3169.0
3380.8
2993.6
1515.0
783.6
327.0
0.0
0.0
0.0
0.0
0.0
108.4
757.2
1256.0
753.6
430.2
386.0
80.0
0.0
0.0
0.0
0.0
0.0
888.6
3675.4
2646.8
3028.8
1799.8
862.0
342.0
0.0
0.0
0.0
0.0
0.0
527.2
459.8
1165.0
1661.2
1628.4
424.4
253.2
0.0
0.0
0.0
0.0
0.0
1004.8
1049.0
1357.2
2913.2
1726.0
737.6
236.2
0.0
0.0
0.0
0.0
0.0
1709.8
536.0
3160.2
2304.8
1865.8
798.8
257.6
0.0
0.0
0.0
0.0
0.0
324.0
1886.6
3507.8
2203.6
1389.6
807.2
279.0
0.0
0.0
0.0
0.0
0.0
238.0
812.2
1084.4
1236.6
1921.8
524.8
503.2
0.0
0.0
0.0
0.0
0.0
653.4
1670.6
3525.8
2973.2
1939.6
317.2
198.0
0.0
0.0
0.0
0.0
0.0
1331.2
2823.2
2874.8
2591.8
1623.0
509.8
225.0
0.0
0.0
0.0
0.0
0.0
846.0
2280.2
2450.0
2628.8
1643.2
247.0
155.8
0.0
0.0
0.0
0.0
0.0
2070.6
3315.6
3463.8
2958.2
1706.0
437.8
256.2
0.0
0.0
0.0
0.0
0.0
1806.6
642.8
3661.6
2818.6
1688.0
500.0
428.4
0.0
0.0
0.0
0.0
0.0
945.2
3354.8
3510.2
2988.8
1742.8
353.2
174.4
0.0
0.0
0.0
0.0
0.0
1202.8
2842.8
1880.8
1824.8
1050.0
150.4
216.4
0.0
0.0
0.0
0.0
0.0
2018.0
3298.0
3390.0
2332.0
1564.8
650.2
457.2
0.0
0.0
0.0
0.0
0.0
409.6
2396.4
2573.4
2979.6
1877.0
407.8
244.2
0.0
0.0
0.0
0.0
0.0
162.0
1264.0
3715.6
3083.6
1513.0
1015.4
473.2
0.0
0.0
0.0
0.0
0.0
280.4
1446.2
1287.6
3197.6
1159.0
546.8
296.4
0.0
0.0
0.0
0.0
0.0
1719.2
3287.6
3715.2
3682.6
1750.2
889.6
449.4
0.0
0.0
0.0
0.0
0.0
689.4
3050.4
3431.6
1347.8
1910.4
944.2
408.0
0.0
0.0
0.0
0.0
0.0
232.0
723.2
1994.4
1354.0
1367.8
536.8
191.4
0.0
0.0
0.0
0.0
0.0
218.0
902.8
1364.8
1065.6
1448.8
912.4
287.6
0.0
0.0
0.0
0.0
0.0
199.6
429.8
765.6
1782.8
1130.8
530.4
350.0
0.0
0.0
0.0
0.0
0.0
79.0
554.4
375.2
2114.8
726.0
873.6
217.0
0.0
0.0
0.0
0.0
0.0
296.8
1129.2
2591.6
745.6
581.0
856.4
372.8
0.0
0.0
0.0
0.0
0.0
494.8
2435.6
1654.0
1839.0
1144.6
402.8
637.4
0.0
0.0
0.0
0.0
0.0
718.8
3016.4
2853.2
625.6
2441.4
844.2
307.8
0.0
0.0
0.0
0.0
0.0
2166.0
672.4
3311.2
3286.4
835.8
1042.0
380.0
0.0
0.0
0.0
0.0
0.0
990.6
2773.2
2815.2
2364.8
1688.6
854.0
448.4
0.0
0.0
