401.2
0.0
0.0
105.0
231.8
133.8
170.8
0.0
309.8
289.8
251.2
168.6
182.6
0.0
0.0
23.0
1317.4
249.0
151.4
175.4
153.0
151.2
231.8
177.0
181.2
0.0
162.6
188.2
187.0
0.0
0.0
0.0
0.0
0.0
0.0
0.0
0.0
0.0
0.0
0.0
0.0
123.4
123.4
0.0
0.0
0.0
0.0
0.0
0.0
0.0
0.0
0.0
0.0
0.0
0.0
293.2
332.6
275.2
520.6
220.2
0.0
22.2
174.4
45.8
0.0
134.0
2319.4
129.8
189.8
175.6
134.2
218.2
113.6
132.8
133.4
218.0
320.8
165.8
76.2
79.8
127.4
944.8
0.0
229.8
135.4
119.2
135.2
171.4
20.4
92.4
124.6
270.0
107.0
180.8
99.6
198.2
176.0
162.6
117.8
117.0
428.8
1219.4
91.6
256.2
23.2
294.4
150.8
192.4
218.8
253.4
160.6
24.0
1316.4
26.4
911.2
174.0
116.4
246.8
278.0
107.6
68.6
0.0
244.4
233.6
765.8
0.0
0.0
0.0
0.0
0.0
0.0
137.2
107.2
95.0
53.4
269.6
190.0
0.0
205.333333333333
192.8
180.4
327.0
0.0
0.0
0.0
0.0
0.0
0.0
0.0
48.0
157.6
95.6
102.4
342.2
0.0
0.0
0.0
0.0
0.0
0.0
66.4
0.0
86.8
264.4
271.2
252.6
100.2
231.2
33.8
186.6
22.8
102.6
130.4
131.2
76.4
73.8
158.4
249.8
164.4
165.0
234.0
220.4
117.6
0.0
174.4
112.6
0.0
50.2
256.2
142.4
143.4
192.6
45.8
152.0
232.4
182.6
173.4
382.4
800.0
0.0
187.6
137.2
34.2
206.2
237.6
108.4
219.2
159.0
105.2
202.0
0.0
0.0
88.2
309.2
183.0
437.2
144.0
182.6
0.0
163.6
254.6
0.0
196.4
222.4
136.6
1253.6
258.2
168.0
220.0
177.2
145.2
90.6
171.4
0.0
0.0
0.0
0.0
0.0
0.0
0.0
0.0
0.0
0.0
0.0
0.0
0.0
0.0
0.0
0.0
0.0
0.0
0.0
0.0
0.0
0.0
0.0
0.0
0.0
0.0
0.0
0.0
0.0
0.0
0.0
0.0
0.0
0.0
0.0
0.0
0.0
0.0
284.6
271.8
273.4
190.6
197.8
130.8
165.2
97.4
107.0
259.4
140.6
329.2
207.6
42.6
150.8
193.8
0.0
0.0
107.2
171.6
103.2
1609.8
136.2
188.2
153.0
219.0
369.6
218.0
115.4
71.0
197.8
95.0
234.4
201.8
173.2
170.8
216.2
202.6
143.2
194.4
209.0
136.0
125.4
204.0
144.6
347.2
209.2
0.0
327.2
309.2
94.6
0.0
143.4
171.2
132.0
108.6
42.0
2228.4
280.8
254.6
193.0
174.8
367.4
271.0
176.6
223.4
45.6
23.0
107.8
181.4
114.0
111.4
236.4
201.8
191.2
159.0
149.4
164.4
24.2
118.2
175.8
159.8
176.6
215.4
267.2
289.4
0.0
0.0
0.0
0.0
0.0
0.0
0.0
0.0
0.0
217.6
315.0
261.8
26.0
130.0
196.4
165.6
0.0
153.0
136.4
145.6
116.6
0.0
0.0
0.0
0.0
0.0
0.0
0.0
0.0
0.0
0.0
0.0
0.0
256.8
212.8
263.4
189.6
137.2
121.4
163.0
179.2
265.0
214.6
212.6
83.6
59.4
24.8
101.2
201.2
213.8
196.4
192.6
245.2
161.8
118.4
0.0
0.0
0.0
0.0
0.0
0.0
262.4
162.8
148.0
180.0
240.8
122.8
309.0
465.2
839.2
309.6
195.2
160.4
248.2
511.8
68.0
0.0
111.0
202.2
383.0
310.2
1804.8
324.2
244.6
119.2
92.0
146.0
206.6
42.8
115.2
0.0
303.6
0.0
1846.0
427.6
241.4
211.2
152.0
0.0
0.0
0.0
0.0
0.0
0.0
80.0
142.0
149.0
135.8
243.4
116.8
188.0
128.4
118.2
128.6
75.0
148.2
280.6
272.8
70.4
132.2
202.2
251.2
154.6
0.0
161.6
177.4
158.2
220.6
301.8
160.2
128.2
142.0
161.6
106.6
219.8
108.0
165.4
175.6
41.6
816.0
210.4
838.2
77.6
167.4
235.8
131.2
197.4
296.6
231.8
40.6
0.0
295.6
118.6
0.0
189.0
203.8
152.4
0.0
0.0
0.0
0.0
0.0
0.0
0.0
261.6
191.4
124.8
111.6
142.0
205.0
182.6
196.4
240.2
170.8
233.4
214.2
356.0
272.0
321.6
56.4
58.4
195.8
54.4
240.0
174.0
186.6
116.4
191.8
75.4
87.8
0.0
886.8
0.0
116.2
115.2
116.2
189.4
152.0
272.8
176.8
124.6
322.0
343.2
186.8
150.0
1870.2
170.0
273.6
77.2
128.2
128.4
118.4
150.0
267.2
279.4
159.2
1230.6
153.8
163.8
123.2
93.8
117.6
174.0
178.2
129.6
743.4
306.8
248.8
199.6
193.6
65.8
0.0
69.8
95.8
304.4
265.8
245.4
115.0
396.4
0.0
69.8
1495.6
733.8
204.4
335.6
257.8
179.8
904.6
300.2
183.2
0.0
0.0
146.0
57.2
142.8
228.8
245.2
0.0
49.6
116.8
0.0
0.0
191.4
0.0
53.6
1195.2
194.4
22.6
115.2
163.4
117.0
1292.0
153.2
233.6
192.6
0.0
187.0
0.0
0.0
0.0
0.0
0.0
0.0
0.0
67.0
22.4
85.0
244.6
712.4
201.4
0.0
20.4
131.2
178.0
145.0
175.6
252.6
82.4
71.0
0.0
142.8
238.0
281.2
311.0
227.8
159.0
0.0
57.6
264.8
263.0
226.2
0.0
0.0
274.2
183.2
208.0
140.6
137.8
25.6
200.2
178.0
232.4
223.0
309.0
247.6
159.6
156.4
0.0
128.2
103.2
221.8
229.6
235.2
237.6
186.0
46.8
0.0
179.6
258.4
102.0
101.4
0.0
154.2
112.2
156.6
1735.4
0.0
123.2
165.4
260.8
248.8
169.4
244.4
216.8
268.2
220.6
128.6
937.2
59.0
23.8
24.6
23.4
198.2
184.4
158.4
130.2
176.2
258.0
249.2
258.0
187.0
126.8
24.8
145.6
0.0
113.4
127.0
128.0
124.6
243.6
178.0
340.2
142.2
178.2
0.0
0.0
0.0
0.0
0.0
0.0
0.0
194.8
158.0
305.2
0.0
198.6
132.8
117.6
123.4
237.6
228.0
206.6
117.2
106.4
118.8
133.4
197.4
0.0
190.6
158.0
213.6
100.4
190.8
184.8
198.8
124.75
250.0
403.2
0.0
95.6
124.2
115.2
147.6
192.4
190.8
115.8
246.4
76.0
235.6
309.2
133.6
0.0
0.0
0.0
0.0
0.0
0.0
0.0
0.0
0.0
0.0
0.0
0.0
0.0
0.0
0.0
0.0
0.0
0.0
0.0
0.0
0.0
0.0
0.0
0.0
0.0
0.0
0.0
719.0
187.6
331.2
251.2
479.2
330.8
822.6
0.0
179.4
129.2
206.2
55.6
211.4
254.666666666667
200.2
251.8
208.6
415.0
795.0
229.0
1005.4
47.2
189.6
157.8
0.0
180.0
287.6
315.0
226.8
293.8
1289.2
0.0
0.0
0.0
185.6
154.4
107.0
88.2
173.2
140.4
235.8
211.4
1273.6
2565.0
706.6
239.4
212.4
309.2
429.8
303.8
368.2
296.0
365.0
285.8
288.0
149.0
0.0
127.0
114.2
523.0
278.0
280.4
0.0
202.6
255.6
222.4
0.0
803.4
318.8
725.0
166.0
124.6
285.6
251.2
209.4
213.8
500.2
322.8
859.0
837.0
0.0
878.0
608.0
166.0
248.6
223.0
220.2
182.4
316.6
216.4
776.8
731.2
651.4
786.4
118.6
268.6
280.8
36.8
292.2
247.2
309.8
245.8
946.2
821.0
762.2
758.0
195.4
162.2
199.0
99.8
238.0
254.6
432.0
167.6
851.0
883.8
918.8
734.6
25.2
161.8
172.6
25.2
264.6
118.2
226.2
1160.2
507.2
1091.2
809.0
819.6
166.2
497.8
126.2
0.0
102.6
243.4
300.2
245.6
209.0
997.4
953.0
871.6
239.4
196.0
1477.6
161.0
117.4
313.0
245.6
157.8
348.2
285.2
290.0
266.8
244.6
231.8
650.8
328.2
179.6
210.2
292.8
187.6
209.4
847.4
923.2
756.2
212.4
202.0
129.6
0.0
132.2
0.0
301.8
173.4
936.8
800.6
926.8
820.2
319.0
157.8
128.8
0.0
296.4
256.8
194.4
233.4
783.0
1180.8
973.2
793.6
250.4
29.0
352.0
128.4
221.4
0.0
267.2
0.0
894.8
901.4
140.0
1061.6
200.8
180.6
24.8
0.0
224.4
205.0
147.2
26.2
951.8
1309.6
951.2
1094.4
254.6
300.0
0.0
67.6
210.4
154.0
28.0
153.0
333.2
1011.4
819.8
172.6
0.0
56.6
235.0
101.6
130.6
372.0
94.2
0.0
946.0
989.4
864.8
326.8
293.2
241.4
223.4
189.2
67.6
225.4
469.8
217.6
882.2
818.0
867.0
0.0
121.2
213.6
126.6
189.2
373.2
225.0
212.6
0.0
963.8
844.4
960.0
292.0
102.0
105.6
151.6
334.4
239.2
302.0
1733.6
430.6
1116.4
1084.0
0.0
216.8
79.2
212.2
259.6
210.4
159.2
407.0
176.8
284.4
629.0
967.4
367.8
118.2
104.2
143.6
22.6
425.8
152.4
141.0
118.0
274.4
3837.0
940.2
957.4
242.2
277.0
202.2
121.6
78.4
222.0
280.8
232.0
997.0
172.4
844.4
817.2
261.0
204.2
209.0
145.2
57.8
310.2
284.0
217.4
366.0
2980.4
1053.8
984.6
224.4
253.6
259.6
288.6
0.0
182.2
250.2
129.0
134.0
525.4
916.8
944.8
158.8
211.6
167.6
131.4
167.8
190.2
1341.4
217.8
289.0
853.8
884.8
941.0
130.4
0.0
76.6
214.6
201.6
154.2
133.8
566.8
263.2
801.4
918.2
947.8
287.2
126.0
0.0
0.0
0.0
0.0
0.0
0.0
179.0
862.6
969.6
230.2
141.8
201.8
0.0
127.4
126.0
129.6
119.6
926.6
284.0
956.0
0.0
106.6
206.6
188.2
229.6
0.0
0.0
0.0
0.0
0.0
0.0
0.0
0.0
0.0
0.0
130.2
184.6
163.8
187.6
130.0
125.0
149.2
264.0
780.2
907.8
890.0
330.4
215.6
273.2
270.2
155.6
59.6
175.8
0.0
131.8
777.6
0.0
1012.6
282.2
200.8
201.6
102.0
124.2
196.4
120.8
792.6
196.8
909.6
1033.6
856.0
26.8
182.4
143.6
185.6
96.8
156.8
66.2
71.8
193.0
941.8
0.0
127.8
0.0
53.8
161.0
0.0
125.0
0.0
185.2
131.0
212.2
847.0
187.6
126.4
148.2
200.25
73.6
237.8
240.2
275.2
24.8
248.4
1440.2
959.0
501.8
816.8
244.8
109.4
250.8
146.8
160.0
207.0
318.0
398.8
230.2
878.6
310.0
898.8
132.6
156.4
275.0
204.4
348.2
164.4
234.4
313.4
2295.0
1107.6
177.4
196.0
246.2
38.2
122.0
126.6
210.2
440.0
225.4
192.8
201.6
944.6
47.8
200.4
133.4
285.8
127.6
0.0
79.4
408.4
239.2
321.0
0.0
825.2
108.8
0.0
273.2
158.4
160.2
195.4
180.4
172.6
210.0
300.2
233.6
965.4
438.4
1161.0
198.8
77.0
227.4
175.2
357.8
205.2
286.4
151.2
357.4
902.8
0.0
133.8
143.4
129.6
267.6
170.6
245.8
383.2
350.4
231.8
181.8
863.0
0.0
146.4
129.6
118.4
114.2
103.6
161.0
162.4
230.2
319.8
149.0
863.4
141.0
131.6
163.8
138.4
0.0
124.6
148.0
269.4
126.4
116.0
0.0
856.8
221.4
130.6
275.0
173.4
179.4
135.0
203.6
60.2
139.4
103.2
187.8
1192.6
275.8
3439.6
324.2
120.8
24.6
200.0
137.6
264.2
210.2
329.2
722.4
1007.2
295.6
801.6
29.8
125.2
0.0
1578.6
230.2
211.0
255.8
162.6
1085.4
907.2
0.0
0.0
0.0
0.0
0.0
0.0
0.0
0.0
0.0
0.0
24.8
805.0
482.8
265.2
1637.0
282.8
334.6
0.0
110.8
251.6
222.0
220.2
163.2
172.2
192.6
158.6
152.4
225.8
0.0
151.6
229.8
195.6
285.4
301.2
259.4
860.2
110.4
155.4
159.8
0.0
145.6
31.0
171.4
208.0
50.8
1116.0
0.0
340.4
506.8
879.8
127.6
224.6
149.8
117.6
177.8
149.6
275.4
197.2
302.8
808.0
257.8
896.2
162.6
201.2
166.0
0.0
142.8
179.0
124.2
205.8
283.6
167.6
72.8
0.0
0.0
222.6
0.0
116.2
76.8
199.2
146.4
121.2
1304.4
832.4
201.0
2146.6
188.6
225.4
218.2
0.0
197.0
136.0
201.8
127.4
109.4
1049.6
190.6
45.8
131.6
196.0
106.8
0.0
116.2
49.2
265.6
127.6
205.6
1006.2
835.6
200.0
132.2
102.0
127.4
157.8
126.0
0.0
147.2
126.6
178.6
272.4
133.6
209.8
0.0
190.4
187.6
76.0
215.4
0.0
99.4
128.8
1386.8
852.0
0.0
192.0
266.8
281.0
183.2
133.2
237.4
245.2
143.2
128.6
1323.4
183.6
108.2
133.8
160.6
0.0
120.8
0.0
0.0
242.0
79.4
125.0
169.8
188.8
134.8
194.4
0.0
195.0
198.8
164.4
191.6
70.8
135.2
181.2
42.8
821.2
104.8
101.4
117.2
100.6
193.2
0.0
56.4
145.0
79.4
0.0
56.0
869.2
255.2
0.0
152.8
195.0
217.8
0.0
0.0
206.2
214.6
131.2
1503.4
169.6
237.8
187.4
475.0
195.4
170.4
173.8
113.6
75.2
176.6
297.2
1356.6
173.2
0.0
256.2
132.6
146.6
171.2
242.8
170.4
0.0
0.0
146.0
1358.4
794.8
124.0
185.8
0.0
194.4
26.6
115.8
251.4
227.2
92.8
212.8
0.0
1012.0
311.4
293.6
264.4
147.2
199.6
147.2
221.0
277.4
93.6
172.0
0.0
1133.6
227.6
0.0
188.2
28.0
23.4
129.4
168.0
283.8
196.0
171.8
1440.0
799.0
471.4
1030.8
53.8
24.8
203.6
176.2
0.0
346.2
334.6
160.8
168.0
899.6
107.6
466.8
147.2
148.6
0.0
125.8
219.8
240.8
277.4
100.2
105.6
1013.8
250.2
148.0
0.0
199.8
76.4
129.2
0.0
182.4
217.4
85.4
76.0
986.4
0.0
250.2
28.2
183.8
51.2
125.4
164.0
218.0
0.0
127.8
62.0
1013.0
100.2
0.0
195.4
144.4
0.0
184.6
157.4
222.4
196.8
0.0
145.8
116.4
886.8
837.4
198.6
0.0
267.4
0.0
120.6
186.8
130.8
201.4
114.2
98.4
892.6
888.0
963.0
203.0
299.2
46.6
161.4
127.2
174.2
143.2
988.8
108.6
939.4
3447.4
955.4
0.0
52.4
102.6
145.6
194.0
179.2
64.6
27.8
102.0
891.8
1040.2
102.8
179.8
204.2
161.4
257.0
126.2
195.2
138.4
28.2
113.6
890.6
1077.6
855.8
277.4
128.2
0.0
129.6
0.0
237.6
120.4
2988.4
82.6
845.8
39.4
256.6
120.6
178.2
0.0
146.2
0.0
277.8
293.4
1400.0
100.4
972.0
50.4
135.0
134.4
279.6
192.2
