0.0
0.0
0.0
0.0
0.0
0.0
0.0
0.0
0.0
40.0
230.8
269.4
374.2
288.0
272.8
183.0
34.0
2.0
0.0
0.0
0.0
0.0
0.0
0.0
0.0
0.0
0.0
0.0
0.0
0.0
0.0
0.0
0.0
24.0
45.0
202.0
117.8
170.2
73.6
105.4
43.0
5.0
0.0
0.0
0.0
0.0
0.0
0.0
0.0
0.0
0.0
0.0
0.0
0.0
0.0
0.0
0.0
32.0
125.6
0.0
0.0
0.0
0.0
0.0
0.0
0.0
0.0
0.0
0.0
0.0
0.0
0.0
0.0
0.0
0.0
0.0
0.0
0.0
0.0
0.0
0.0
0.0
74.0
170.8
282.6
284.0
0.0
0.0
0.0
0.0
0.0
0.0
0.0
0.0
0.0
0.0
0.0
0.0
0.0
0.0
0.0
0.0
0.0
0.0
0.0
0.0
0.0
0.0
0.0
0.0
206.4
152.8
62.0
10.0
0.0
0.0
0.0
0.0
0.0
0.0
0.0
0.0
0.0
0.0
0.0
0.0
0.0
0.0
0.0
79.0
484.6
454.8
561.2
550.8
392.0
246.0
66.0
10.0
0.0
0.0
0.0
0.0
0.0
0.0
0.0
0.0
0.0
0.0
0.0
0.0
0.0
0.0
0.0
56.0
91.0
578.8
390.4
479.6
447.6
190.0
52.0
10.0
0.0
0.0
0.0
0.0
0.0
0.0
0.0
0.0
0.0
0.0
0.0
0.0
0.0
0.0
0.0
31.0
80.0
157.0
329.0
153.0
62.0
67.4
19.0
2.0
0.0
0.0
0.0
0.0
0.0
0.0
0.0
0.0
0.0
0.0
0.0
0.0
0.0
0.0
0.0
85.0
46.0
72.4
132.6
91.0
256.6
219.6
28.0
6.0
0.0
0.0
0.0
0.0
0.0
0.0
0.0
0.0
0.0
0.0
0.0
0.0
0.0
0.0
0.0
34.0
158.0
234.8
357.0
267.2
76.8
73.2
15.0
1.0
0.0
0.0
0.0
0.0
0.0
0.0
0.0
0.0
0.0
0.0
0.0
0.0
0.0
0.0
0.0
0.0
0.0
0.0
0.0
0.0
0.0
0.0
0.0
0.0
0.0
0.0
0.0
0.0
0.0
0.0
0.0
0.0
0.0
0.0
0.0
0.0
0.0
0.0
0.0
15.0
0.0
0.0
77.0
111.4
200.2
79.0
23.0
0.0
0.0
0.0
0.0
0.0
0.0
0.0
0.0
0.0
0.0
0.0
0.0
0.0
0.0
0.0
0.0
68.0
273.6
626.8
726.6
429.6
177.2
282.2
70.4
5.0
0.0
0.0
0.0
0.0
0.0
0.0
0.0
0.0
0.0
0.0
0.0
0.0
0.0
0.0
0.0
138.8
0.0
553.2
468.8
485.6
287.8
0.0
104.0
0.0
0.0
0.0
0.0
0.0
0.0
0.0
0.0
0.0
0.0
0.0
0.0
0.0
0.0
0.0
0.0
32.0
83.0
326.8
1002.0
734.0
224.2
70.0
73.0
0.0
0.0
0.0
0.0
0.0
0.0
0.0
0.0
0.0
0.0
0.0
0.0
0.0
0.0
0.0
0.0
0.0
129.6
0.0
0.0
0.0
257.8
210.0
20.0
0.0
0.0
0.0
0.0
0.0
0.0
0.0
0.0
0.0
0.0
0.0
0.0
0.0
0.0
0.0
0.0
86.0
689.6
654.8
534.8
456.0
651.4
332.6
64.0
0.0
0.0
0.0
0.0
0.0
0.0
0.0
0.0
0.0
0.0
0.0
0.0
0.0
0.0
0.0
0.0
151.6
806.8
0.0
0.0
0.0
0.0
0.0
60.0
0.0
0.0
0.0
0.0
0.0
0.0
0.0
0.0
0.0
0.0
0.0
0.0
0.0
0.0
0.0
0.0
0.0
62.0
220.0
241.2
245.2
272.0
140.0
62.0
0.0
0.0
0.0
0.0
0.0
0.0
0.0
0.0
0.0
0.0
0.0
0.0
0.0
0.0
0.0
0.0
0.0
0.0
0.0
0.0
0.0
0.0
0.0
0.0
0.0
0.0
0.0
0.0
0.0
0.0
0.0
0.0
0.0
0.0
0.0
0.0
0.0
0.0
0.0
0.0
0.0
0.0
0.0
0.0
0.0
0.0
0.0
0.0
0.0
0.0
0.0
0.0
0.0
0.0
0.0
0.0
0.0
0.0
0.0
0.0
0.0
0.0
0.0
0.0
0.0
0.0
0.0
0.0
0.0
0.0
0.0
0.0
0.0
0.0
0.0
0.0
0.0
0.0
0.0
0.0
0.0
0.0
0.0
0.0
0.0
0.0
0.0
0.0
0.0
0.0
0.0
0.0
0.0
370.8
248.8
92.0
0.0
0.0
0.0
0.0
0.0
0.0
0.0
0.0
0.0
0.0
0.0
0.0
0.0
0.0
0.0
0.0
69.0
160.0
140.0
290.0
507.2
142.0
209.0
98.0
0.0
0.0
0.0
0.0
0.0
0.0
0.0
0.0
0.0
0.0
0.0
0.0
0.0
0.0
0.0
0.0
25.0
71.0
496.8
239.8
569.6
300.0
258.8
149.0
0.0
0.0
0.0
0.0
0.0
0.0
0.0
0.0
0.0
0.0
0.0
0.0
0.0
0.0
0.0
0.0
50.0
109.0
287.0
226.8
265.0
205.2
118.0
37.0
0.0
0.0
0.0
0.0
0.0
0.0
0.0
0.0
0.0
0.0
0.0
0.0
0.0
0.0
0.0
0.0
60.0
89.0
151.6
0.0
0.0
237.8
232.4
102.4
0.0
0.0
0.0
0.0
0.0
0.0
0.0
0.0
0.0
0.0
0.0
0.0
0.0
0.0
0.0
0.0
34.0
163.6
501.2
243.4
287.0
108.0
44.0
65.0
0.0
0.0
0.0
0.0
0.0
0.0
0.0
0.0
0.0
0.0
0.0
0.0
0.0
0.0
0.0
0.0
39.0
90.0
138.8
367.2
319.8
222.8
195.6
73.2
0.0
0.0
0.0
0.0
0.0
0.0
0.0
0.0
0.0
0.0
0.0
0.0
0.0
0.0
0.0
0.0
0.0
410.6
223.4
242.2
577.2
253.8
271.4
132.8
40.0
0.0
0.0
0.0
0.0
0.0
0.0
0.0
0.0
0.0
0.0
0.0
0.0
0.0
0.0
0.0
0.0
0.0
0.0
0.0
13.0
19.0
0.0
0.0
0.0
0.0
0.0
0.0
0.0
0.0
0.0
0.0
0.0
0.0
0.0
0.0
0.0
0.0
0.0
0.0
0.0
18.0
0.0
0.0
0.0
0.0
0.0
0.0
0.0
0.0
0.0
0.0
0.0
0.0
0.0
0.0
0.0
0.0
0.0
0.0
0.0
0.0
0.0
0.0
0.0
74.0
307.6
175.4
602.0
328.0
288.0
94.0
9.0
0.0
0.0
0.0
0.0
0.0
0.0
0.0
0.0
0.0
0.0
0.0
0.0
0.0
0.0
0.0
142.0
309.2
1271.6
350.4
658.0
578.2
490.2
56.0
19.0
0.0
0.0
0.0
0.0
0.0
0.0
0.0
0.0
0.0
0.0
0.0
0.0
0.0
0.0
0.0
0.0
0.0
0.0
0.0
0.0
0.0
0.0
0.0
0.0
0.0
0.0
0.0
0.0
0.0
0.0
0.0
0.0
0.0
0.0
0.0
0.0
0.0
0.0
0.0
758.8
1432.2
415.2
191.6
317.2
439.4
416.0
147.8
10.0
0.0
0.0
0.0
0.0
0.0
0.0
0.0
0.0
0.0
0.0
0.0
0.0
0.0
0.0
0.0
66.0
274.2
495.6
609.2
628.8
460.4
233.8
237.2
32.0
0.0
0.0
0.0
0.0
0.0
0.0
0.0
0.0
0.0
0.0
0.0
0.0
0.0
0.0
0.0
863.2
0.0
1680.8
1354.0
770.8
429.6
219.2
201.2
20.0
0.0
0.0
0.0
0.0
0.0
0.0
0.0
0.0
0.0
0.0
0.0
0.0
0.0
0.0
0.0
73.0
274.0
1361.4
1001.2
559.0
507.0
315.2
152.8
46.0
0.0
0.0
0.0
0.0
0.0
0.0
0.0
0.0
0.0
0.0
0.0
0.0
0.0
0.0
0.0
0.0
151.0
226.8
274.2
328.4
302.8
202.4
192.6
11.0
0.0
0.0
0.0
0.0
0.0
0.0
0.0
0.0
0.0
0.0
0.0
0.0
0.0
0.0
0.0
289.6
221.0
295.0
402.8
408.2
237.6
173.8
66.0
14.0
0.0
0.0
0.0
0.0
0.0
0.0
0.0
0.0
0.0
0.0
0.0
0.0
0.0
0.0
0.0
101.4
240.0
446.8
714.4
631.4
595.0
190.0
182.0
61.0
0.0
0.0
0.0
0.0
0.0
0.0
0.0
0.0
0.0
0.0
0.0
0.0
0.0
0.0
0.0
89.0
189.0
298.0
426.0
380.0
363.2
279.0
131.0
24.0
0.0
0.0
0.0
0.0
0.0
0.0
0.0
0.0
0.0
0.0
0.0
0.0
0.0
0.0
0.0
264.4
787.2
1935.6
1409.2
860.4
307.2
224.0
150.4
40.8
0.0
0.0
0.0
0.0
0.0
0.0
0.0
0.0
0.0
0.0
0.0
0.0
0.0
0.0
160.0
941.4
1775.6
1840.0
773.6
892.4
374.4
298.0
159.2
115.0
0.0
0.0
0.0
0.0
0.0
0.0
0.0
0.0
0.0
0.0
0.0
0.0
0.0
0.0
151.0
294.0
662.4
2118.8
1482.6
900.4
384.0
289.0
326.0
78.6
0.0
0.0
0.0
0.0
0.0
0.0
0.0
0.0
0.0
0.0
0.0
0.0
0.0
0.0
0.0
227.2
428.4
709.8
834.0
956.0
437.6
296.0
199.0
79.0
0.0
0.0
0.0
0.0
0.0
0.0
0.0
0.0
0.0
0.0
0.0
0.0
0.0
0.0
0.0
64.0
121.0
205.0
241.6
357.2
235.6
140.4
187.0
32.0
0.0
0.0
0.0
0.0
0.0
0.0
0.0
0.0
0.0
0.0
0.0
0.0
0.0
0.0
0.0
137.0
344.2
330.8
498.0
496.4
311.0
240.4
122.6
62.0
0.0
0.0
0.0
0.0
0.0
0.0
0.0
0.0
0.0
0.0
0.0
0.0
0.0
0.0
0.0
146.0
279.4
479.0
617.8
672.4
463.2
389.0
0.0
48.0
0.0
0.0
0.0
0.0
0.0
0.0
0.0
0.0
0.0
0.0
0.0
0.0
0.0
0.0
0.0
315.8
627.2
1001.8
1455.2
826.8
399.0
370.8
207.2
30.0
0.0
0.0
0.0
0.0
0.0
0.0
0.0
0.0
0.0
0.0
0.0
0.0
0.0
0.0
123.2
288.8
218.4
393.8
267.4
563.4
415.2
424.2
0.0
107.0
0.0
0.0
0.0
0.0
0.0
0.0
0.0
0.0
0.0
0.0
0.0
0.0
0.0
0.0
0.0
312.0
1036.4
1027.6
1339.0
1644.4
486.4
0.0
0.0
0.0
0.0
0.0
0.0
0.0
0.0
0.0
0.0
0.0
0.0
0.0
0.0
0.0
0.0
0.0
0.0
72.0
89.0
209.0
210.6
290.0
367.2
374.8
351.2
101.0
0.0
0.0
0.0
0.0
0.0
0.0
0.0
0.0
0.0
0.0
0.0
0.0
0.0
0.0
257.8
260.0
1112.4
593.2
416.0
838.0
811.6
517.0
411.6
175.2
0.0
0.0
0.0
0.0
0.0
0.0
0.0
0.0
0.0
0.0
0.0
0.0
0.0
0.0
0.0
463.6
1723.0
2448.2
2106.8
1360.0
596.8
395.8
334.8
84.0
0.0
0.0
0.0
0.0
0.0
0.0
0.0
0.0
0.0
0.0
0.0
0.0
0.0
0.0
0.0
284.0
823.8
1351.8
709.2
813.2
738.8
430.8
345.2
134.2
0.0
0.0
0.0
0.0
0.0
0.0
0.0
0.0
0.0
0.0
0.0
0.0
0.0
0.0
67.2
158.4
490.6
716.0
1115.6
618.0
267.2
269.2
112.0
62.0
0.0
0.0
0.0
0.0
0.0
0.0
0.0
0.0
0.0
0.0
0.0
0.0
0.0
0.0
122.8
396.2
1206.0
1821.2
2165.4
1793.8
0.0
0.0
439.6
182.8
0.0
0.0
0.0
0.0
0.0
0.0
0.0
0.0
0.0
0.0
0.0
0.0
0.0
0.0
0.0
240.8
217.8
165.0
161.0
394.6
723.4
509.6
340.4
120.4
0.0
0.0
0.0
0.0
0.0
0.0
0.0
0.0
0.0
0.0
0.0
0.0
0.0
0.0
301.2
444.4
1832.8
1111.2
1690.4
1408.0
618.0
453.6
357.4
169.0
0.0
0.0
0.0
0.0
0.0
0.0
0.0
0.0
0.0
0.0
0.0
0.0
0.0
0.0
0.0
567.4
794.8
1713.4
2154.4
1264.6
935.6
607.4
502.0
188.4
0.0
0.0
0.0
0.0
0.0
0.0
0.0
0.0
0.0
0.0
0.0
0.0
0.0
0.0
1576.0
2544.6
1686.0
1484.8
1033.0
428.8
0.0
348.0
661.6
115.8
0.0
0.0
0.0
0.0
0.0
0.0
0.0
0.0
0.0
0.0
0.0
0.0
0.0
0.0
393.0
526.8
1170.8
975.8
651.2
902.6
662.8
456.4
380.6
219.4
0.0
0.0
0.0
0.0
0.0
0.0
0.0
0.0
0.0
0.0
0.0
0.0
0.0
0.0
1352.25
1039.4
731.2
446.8
258.6
256.4
0.0
0.0
308.2
188.8
0.0
0.0
0.0
0.0
0.0
0.0
0.0
0.0
0.0
0.0
0.0
0.0
0.0
0.0
899.6
1545.2
1718.0
1198.8
1586.8
1262.8
1068.6
429.5
0.0
0.0
0.0
0.0
0.0
0.0
0.0
0.0
0.0
0.0
0.0
0.0
0.0
0.0
0.0
0.0
0.0
0.0
0.0
0.0
0.0
0.0
0.0
0.0
0.0
0.0
0.0
0.0
0.0
0.0
0.0
0.0
0.0
0.0
0.0
0.0
0.0
0.0
0.0
0.0
0.0
0.0
0.0
0.0
0.0
0.0
0.0
0.0
0.0
0.0
0.0
0.0
0.0
0.0
0.0
0.0
0.0
0.0
0.0
0.0
0.0
0.0
0.0
0.0
215.2
546.8
469.2
1015.8
0.0
0.0
176.4
344.0
292.6
100.0
0.0
0.0
0.0
0.0
0.0
0.0
0.0
0.0
0.0
0.0
0.0
0.0
0.0
131.0
608.2
2364.0
1592.0
1432.0
2147.4
1482.8
719.2
299.2
215.8
143.0
0.0
0.0
0.0
0.0
0.0
0.0
0.0
0.0
0.0
0.0
0.0
0.0
0.0
100.2
1405.2
2468.0
2598.8
2507.2
0.0
0.0
0.0
0.0
0.0
150.0
0.0
0.0
0.0
0.0
0.0
0.0
0.0
0.0
0.0
0.0
0.0
0.0
0.0
0.0
140.0
101.0
577.0
838.6
1419.0
1316.0
912.8
529.2
497.6
190.0
0.0
0.0
0.0
0.0
0.0
0.0
0.0
0.0
0.0
0.0
0.0
0.0
0.0
0.0
100.0
513.8
712.8
466.8
404.0
601.6
357.4
231.0
189.2
57.0
0.0
0.0
0.0
0.0
0.0
0.0
0.0
0.0
0.0
0.0
0.0
0.0
0.0
0.0
94.4
0.0
0.0
974.8
793.8
677.2
462.2
317.0
81.0
53.0
0.0
0.0
0.0
0.0
0.0
0.0
0.0
0.0
0.0
0.0
0.0
0.0
0.0
188.4
1323.6
2043.6
1544.6
2601.6
1523.2
1282.0
0.0
904.0
422.4
175.2
0.0
0.0
0.0
0.0
0.0
0.0
0.0
0.0
0.0
0.0
0.0
0.0
0.0
84.0
1052.2
2234.0
2357.8
2050.6
2051.6
1744.4
898.8
445.6
285.6
191.6
0.0
0.0
0.0
0.0
0.0
0.0
0.0
0.0
0.0
0.0
0.0
0.0
0.0
231.2
1320.2
2356.4
2544.2
2391.2
2051.2
1525.8
843.2
314.0
272.0
184.4
0.0
0.0
0.0
0.0
0.0
0.0
0.0
0.0
0.0
0.0
0.0
0.0
0.0
245.2
1456.6
2248.0
2374.6
2245.6
2083.6
1570.4
866.8
375.6
300.0
185.0
0.0
0.0
0.0
0.0
0.0
0.0
0.0
0.0
0.0
0.0
0.0
0.0
0.0
335.2
574.4
2075.2
1912.0
1126.4
2197.0
1638.0
888.0
323.6
276.0
198.0
75.0
0.0
0.0
0.0
0.0
0.0
0.0
0.0
0.0
0.0
0.0
0.0
0.0
0.0
292.8
376.8
916.0
148.0
765.2
410.8
382.0
660.8
268.0
162.0
72.0
0.0
0.0
0.0
0.0
0.0
0.0
0.0
0.0
0.0
0.0
0.0
0.0
0.0
85.2
213.0
280.4
523.4
924.0
590.4
546.0
447.4
253.2
117.0
0.0
0.0
0.0
0.0
0.0
0.0
0.0
0.0
0.0
0.0
0.0
0.0
0.0
465.6
1629.0
2378.8
2718.8
2652.4
2170.8
1196.4
927.4
439.0
612.4
0.0
69.2
0.0
0.0
0.0
0.0
0.0
0.0
0.0
0.0
0.0
0.0
0.0
0.0
0.0
165.0
704.0
737.2
1713.4
2559.2
1592.6
1118.4
530.0
271.8
219.4
66.0
0.0
0.0
0.0
0.0
0.0
0.0
0.0
0.0
0.0
0.0
0.0
0.0
570.6
1910.0
2417.6
2666.4
2617.6
2305.0
1726.4
1152.6
588.2
537.6
356.0
93.4
0.0
0.0
0.0
0.0
0.0
0.0
0.0
0.0
0.0
0.0
0.0
0.0
0.0
115.0
344.0
614.4
513.2
302.0
811.2
740.4
330.0
490.6
208.8
0.0
0.0
0.0
0.0
0.0
0.0
0.0
0.0
0.0
0.0
0.0
0.0
0.0
71.0
1162.4
357.0
509.2
1206.2
557.8
486.4
368.0
234.0
499.8
106.0
0.0
0.0
0.0
0.0
0.0
0.0
0.0
0.0
0.0
0.0
0.0
0.0
0.0
696.6
918.6
3031.0
1718.4
2346.8
2857.6
1857.4
996.8
918.0
442.2
148.4
0.0
0.0
0.0
0.0
0.0
0.0
0.0
0.0
0.0
0.0
0.0
0.0
0.0
0.0
214.4
521.0
505.0
650.0
456.8
463.2
685.6
274.6
505.2
87.8
0.0
0.0
0.0
0.0
0.0
0.0
0.0
0.0
0.0
0.0
0.0
0.0
0.0
259.2
1616.0
2324.0
3224.4
2657.0
2561.4
1576.6
286.2
333.4
639.2
305.8
138.0
0.0
0.0
0.0
0.0
0.0
0.0
0.0
0.0
0.0
0.0
0.0
0.0
234.2
436.2
453.6
3261.0
2143.0
2514.6
2058.8
1196.8
390.0
338.6
282.0
191.8
0.0
0.0
0.0
0.0
0.0
0.0
0.0
0.0
0.0
0.0
0.0
0.0
0.0
815.4
336.8
717.4
0.0
2795.2
1742.8
0.0
952.0
368.0
199.2
130.6
0.0
0.0
0.0
0.0
0.0
0.0
0.0
0.0
0.0
0.0
0.0
0.0
68.0
233.8
212.4
1072.33333333333
1436.2
896.4
1773.2
946.2
810.8
770.2
187.2
87.6
0.0
0.0
0.0
0.0
0.0
0.0
0.0
0.0
0.0
0.0
0.0
0.0
372.6
1133.8
887.8
824.6
942.2
815.2
2130.8
836.0
590.4
320.4
241.6
88.8
0.0
0.0
0.0
0.0
0.0
0.0
0.0
0.0
0.0
0.0
0.0
0.0
187.8
341.0
760.0
2612.8
1526.8
2310.4
1388.0
1187.2
822.6
327.4
224.0
310.6
0.0
0.0
0.0
0.0
0.0
0.0
0.0
0.0
0.0
0.0
0.0
0.0
1904.0
2812.4
3132.4
2982.8
3375.0
1184.8
2160.2
1613.0
869.0
550.4
386.0
134.0
0.0
0.0
0.0
0.0
0.0
0.0
0.0
0.0
0.0
0.0
0.0
0.0
365.6
635.4
872.6
2503.2
1185.6
1157.4
840.4
1050.8
608.8
385.8
365.2
117.2
0.0
0.0
0.0
0.0
0.0
0.0
0.0
0.0
0.0
0.0
0.0
80.0
2148.8
2207.8
3142.0
3217.2
2787.2
2406.4
1787.4
1372.8
881.6
412.8
311.0
117.2
0.0
0.0
0.0
0.0
0.0
0.0
0.0
0.0
0.0
0.0
0.0
0.0
86.0
260.4
325.4
508.0
1000.4
2746.0
2006.4
1254.0
512.8
266.4
212.0
129.0
0.0
0.0
0.0
0.0
0.0
0.0
0.0
0.0
0.0
0.0
0.0
0.0
0.0
2082.8
2980.0
2815.0
2584.8
2465.4
1909.4
1309.8
623.6
342.0
331.8
154.0
0.0
0.0
0.0
0.0
0.0
0.0
0.0
0.0
0.0
0.0
0.0
144.0
1615.0
2549.0
2964.0
3014.0
2815.8
2527.2
1930.6
1260.8
527.2
277.6
223.0
148.0
0.0
0.0
0.0
0.0
0.0
0.0
0.0
0.0
0.0
0.0
0.0
0.0
0.0
0.0
0.0
0.0
0.0
0.0
0.0
0.0
0.0
0.0
0.0
122.0
0.0
0.0
0.0
0.0
0.0
0.0
0.0
0.0
0.0
0.0
0.0
286.0
1541.2
2106.8
2823.5
2960.2
2936.8
2532.0
2082.0
1369.6
769.0
510.8
235.4
202.8
0.0
0.0
0.0
0.0
0.0
0.0
0.0
0.0
0.0
0.0
0.0
0.0
78.4
395.8
898.0
1926.4
2214.6
0.0
1912.4
1443.0
701.0
870.4
476.0
178.4
0.0
0.0
0.0
0.0
0.0
0.0
0.0
0.0
0.0
0.0
0.0
377.0
1897.0
2735.6
489.2
1668.2
2983.0
2671.0
2349.2
1182.4
856.8
876.0
654.0
258.8
0.0
0.0
0.0
0.0
0.0
0.0
0.0
0.0
0.0
0.0
0.0
694.8
2209.6
2793.8
3075.2
3158.8
2970.8
2580.2
2017.6
1271.6
533.8
238.0
190.8
170.0
0.0
0.0
0.0
0.0
0.0
0.0
0.0
0.0
0.0
0.0
0.0
235.0
1937.4
2669.2
2971.8
3030.0
2837.0
2483.8
2004.4
1365.2
517.6
552.0
336.4
181.25
0.0
0.0
0.0
0.0
0.0
0.0
0.0
0.0
0.0
0.0
0.0
368.2
1493.2
3034.4
3357.0
2281.6
3487.0
1956.0
1955.6
1134.6
948.6
476.4
370.4
343.6
0.0
0.0
0.0
0.0
0.0
0.0
0.0
0.0
0.0
0.0
0.0
799.8
2264.0
2531.2
3595.8
1798.8
2367.6
2026.2
1185.2
1472.0
794.8
364.4
232.0
148.0
0.0
0.0
0.0
0.0
0.0
0.0
0.0
0.0
0.0
0.0
0.0
856.2
2430.6
3086.4
3207.6
3227.6
2896.8
2761.6
2094.2
1379.6
607.2
244.0
216.8
148.4
0.0
0.0
0.0
0.0
0.0
0.0
0.0
0.0
0.0
0.0
0.0
982.8
2442.0
2995.6
3245.0
3304.0
3071.0
2686.0
2162.0
1412.8
646.0
264.0
259.0
170.0
0.0
0.0
0.0
0.0
0.0
0.0
0.0
0.0
0.0
0.0
0.0
1123.8
2471.2
3030.8
3282.6
3237.4
3026.8
2653.6
2119.0
1413.6
631.4
235.2
214.0
152.8
0.0
0.0
0.0
0.0
0.0
0.0
0.0
0.0
0.0
0.0
0.0
74.0
305.0
985.8
2575.2
1197.2
420.0
687.6
1224.0
1244.0
1224.8
614.2
437.8
154.0
66.0
0.0
0.0
0.0
0.0
0.0
0.0
0.0
0.0
0.0
0.0
363.2
2274.8
2978.2
3201.6
3216.2
3048.6
2698.0
2159.2
1443.2
691.8
286.8
231.0
167.0
0.0
0.0
0.0
0.0
0.0
0.0
0.0
0.0
0.0
0.0
0.0
909.6
2328.0
2957.0
3212.0
3270.0
3084.0
2727.2
2203.2
1467.6
686.8
245.2
244.0
202.0
0.0
0.0
0.0
0.0
0.0
0.0
0.0
0.0
0.0
0.0
0.0
178.0
652.6
1070.2
1448.8
1271.6
1376.6
786.6
1844.4
1461.6
469.0
251.6
540.0
78.8
0.0
0.0
0.0
0.0
0.0
0.0
0.0
0.0
0.0
0.0
0.0
107.2
476.4
681.2
935.4
2914.2
1709.2
1522.2
1712.6
1556.6
1210.6
652.2
344.8
172.0
74.4
0.0
0.0
0.0
0.0
0.0
0.0
0.0
0.0
0.0
0.0
145.0
264.8
292.6
360.6
396.2
642.0
381.6
674.6
304.0
195.0
235.4
169.0
189.6
0.0
0.0
0.0
0.0
0.0
0.0
0.0
0.0
0.0
0.0
0.0
0.0
238.2
616.4
1538.4
2972.2
3333.0
2830.8
2191.2
1467.0
1159.6
587.4
398.4
219.8
72.8
0.0
0.0
0.0
0.0
0.0
0.0
0.0
0.0
0.0
0.0
1253.6
2656.6
3033.8
3208.0
3199.6
2921.8
0.0
0.0
0.0
0.0
0.0
0.0
0.0
0.0
0.0
0.0
0.0
0.0
0.0
0.0
0.0
0.0
0.0
0.0
0.0
2381.0
1501.0
3681.8
2005.0
2215.0
438.0
618.0
932.6
1408.8
572.0
148.0
142.0
0.0
0.0
0.0
0.0
0.0
0.0
0.0
0.0
0.0
0.0
0.0
151.6
463.6
1012.8
1098.4
2135.8
2842.8
2204.6
1990.4
1331.6
1287.0
698.4
378.6
248.6
127.6
0.0
0.0
0.0
0.0
0.0
0.0
0.0
0.0
0.0
0.0
1599.6
2052.6
3169.0
3362.0
3380.8
3300.4
2993.6
2212.0
1515.0
966.0
783.6
538.2
327.0
84.0
0.0
0.0
0.0
0.0
0.0
0.0
0.0
0.0
0.0
0.0
108.4
256.8
757.2
2148.0
1256.0
1024.8
753.6
536.4
430.2
321.6
386.0
200.0
80.0
0.0
0.0
0.0
0.0
0.0
0.0
0.0
0.0
0.0
0.0
0.0
888.6
297.6
3675.4
1010.4
2646.8
1347.0
3028.8
1883.6
1799.8
1026.2
862.0
394.8
342.0
87.0
0.0
0.0
0.0
0.0
0.0
0.0
0.0
0.0
0.0
0.0
527.2
237.6
459.8
592.0
1165.0
1360.2
1661.2
1190.0
1628.4
835.2
424.4
257.8
253.2
244.8
0.0
0.0
0.0
0.0
0.0
0.0
0.0
0.0
0.0
0.0
1004.8
1768.0
1049.0
2563.2
1357.2
3449.4
2913.2
2560.4
1726.0
1048.4
737.6
422.4
236.2
0.0
0.0
0.0
0.0
0.0
0.0
0.0
0.0
0.0
0.0
0.0
1709.8
1633.6
536.0
2517.4
3160.2
967.6
2304.8
1346.0
1865.8
1026.0
798.8
538.0
257.6
96.0
0.0
0.0
0.0
0.0
0.0
0.0
0.0
0.0
0.0
0.0
324.0
1200.2
1886.6
1928.0
3507.8
2170.8
2203.6
1405.6
1389.6
811.6
807.2
582.8
279.0
97.8
0.0
0.0
0.0
0.0
0.0
0.0
0.0
0.0
0.0
77.0
238.0
372.2
812.2
1236.8
1084.4
1413.8
1236.6
1808.6
1921.8
1354.4
524.8
497.6
503.2
158.4
0.0
0.0
0.0
0.0
0.0
0.0
0.0
0.0
0.0
0.0
653.4
2534.8
1670.6
1602.8
3525.8
3428.4
2973.2
1920.8
1939.6
923.8
317.2
242.4
198.0
74.0
0.0
0.0
0.0
0.0
0.0
0.0
0.0
0.0
0.0
106.0
1331.2
1661.4
2823.2
2484.6
2874.8
2935.6
2591.8
1941.4
1623.0
1234.2
509.8
432.8
225.0
176.8
0.0
0.0
0.0
0.0
0.0
0.0
0.0
0.0
0.0
79.8
846.0
858.8
2280.2
2532.6
2450.0
2505.2
2628.8
2085.2
1643.2
1255.6
247.0
477.4
155.8
0.0
0.0
0.0
0.0
0.0
0.0
0.0
0.0
0.0
0.0
116.0
2070.6
2884.8
3315.6
3550.0
3463.8
3037.4
2958.2
2398.0
1706.0
916.8
437.8
487.6
256.2
210.4
0.0
0.0
0.0
0.0
0.0
0.0
0.0
0.0
0.0
131.2
1806.6
687.2
642.8
2920.0
3661.6
3348.4
2818.6
2441.2
1688.0
1133.6
500.0
646.0
428.4
200.4
0.0
0.0
0.0
0.0
0.0
0.0
0.0
0.0
0.0
122.0
945.2
1852.0
3354.8
3507.6
3510.2
3256.4
2988.8
2342.6
1742.8
985.2
353.2
213.8
174.4
132.0
0.0
0.0
0.0
0.0
0.0
0.0
0.0
0.0
0.0
187.2
1202.8
1936.6
2842.8
3306.8
1880.8
2626.0
1824.8
882.6
1050.0
592.8
150.4
285.2
216.4
0.0
0.0
0.0
0.0
0.0
0.0
0.0
0.0
0.0
0.0
160.6
2018.0
2849.0
3298.0
2666.2
3390.0
2869.6
2332.0
1519.8
1564.8
1095.0
650.2
742.0
457.2
226.4
0.0
0.0
0.0
0.0
0.0
0.0
0.0
0.0
0.0
0.0
409.6
849.6
2396.4
3481.0
2573.4
2322.4
2979.6
2455.2
1877.0
1204.8
407.8
542.6
244.2
171.0
0.0
0.0
0.0
0.0
0.0
0.0
0.0
0.0
0.0
0.0
162.0
462.4
1264.0
3682.4
3715.6
3633.8
3083.6
2782.0
1513.0
1087.8
1015.4
768.8
473.2
359.6
0.0
0.0
0.0
0.0
0.0
0.0
0.0
0.0
0.0
0.0
280.4
358.6
1446.2
792.0
1287.6
1289.2
3197.6
1490.4
1159.0
843.2
546.8
387.0
296.4
74.0
0.0
0.0
0.0
0.0
0.0
0.0
0.0
0.0
0.0
167.2
1719.2
2730.25
3287.6
1907.6
3715.2
2863.8
3682.6
3224.0
1750.2
1382.6
889.6
385.0
449.4
157.6
0.0
0.0
0.0
0.0
0.0
0.0
0.0
0.0
0.0
132.2
689.4
2602.0
3050.4
3332.8
3431.6
1744.0
1347.8
1114.4
1910.4
1071.4
944.2
479.0
408.0
191.0
0.0
0.0
0.0
0.0
0.0
0.0
0.0
0.0
0.0
70.0
232.0
491.4
723.2
1150.4
1994.4
1393.8
1354.0
2291.2
1367.8
795.2
536.8
408.8
191.4
156.8
0.0
0.0
0.0
0.0
0.0
0.0
0.0
0.0
0.0
82.8
218.0
685.2
902.8
2097.0
1364.8
1997.6
1065.6
1608.0
1448.8
1121.2
912.4
772.6
287.6
174.0
0.0
0.0
0.0
0.0
0.0
0.0
0.0
0.0
0.0
76.0
199.6
1851.2
429.8
1102.0
765.6
2395.0
1782.8
745.4
1130.8
983.2
530.4
440.0
350.0
138.0
0.0
0.0
0.0
0.0
0.0
0.0
0.0
0.0
0.0
0.0
79.0
315.0
554.4
1157.4
375.2
931.6
2114.8
1888.0
726.0
1050.2
873.6
593.6
217.0
65.6
0.0
0.0
0.0
0.0
0.0
0.0
0.0
0.0
0.0
0.0
296.8
954.4
1129.2
1462.2
2591.6
797.4
745.6
1643.0
581.0
887.4
856.4
533.0
372.8
156.0
0.0
0.0
0.0
0.0
0.0
0.0
0.0
0.0
0.0
179.0
494.8
2905.2
2435.6
891.2
1654.0
2242.4
1839.0
2343.4
1144.6
160.4
402.8
517.2
637.4
147.6
0.0
0.0
0.0
0.0
0.0
0.0
0.0
0.0
0.0
0.0
718.8
1297.2
3016.4
2037.0
2853.2
3078.2
625.6
1792.2
2441.4
899.2
844.2
707.0
307.8
202.8
0.0
0.0
0.0
0.0
0.0
0.0
0.0
0.0
0.0
143.6
2166.0
1434.0
672.4
1826.4
3311.2
1062.0
3286.4
2657.6
835.8
259.0
1042.0
370.2
380.0
171.6
0.0
0.0
0.0
0.0
0.0
0.0
0.0
0.0
0.0
307.8
990.6
2535.0
2773.2
1929.6
2815.2
2602.0
2364.8
2575.4
1688.6
1553.0
854.0
714.4
448.4
160.6
0.0
0.0
0.0
0.0
