0.0
0.0
0.0
0.0
0.0
0.0
22.0
0.0
108.8
0.0
2593.6
0.0
0.0
0.0
24.2
0.0
130.6
0.0
0.0
20.8
0.0
94.0
71.4
0.0
0.0
0.0
179.8
0.0
0.0
0.0
0.0
0.0
257.8
1759.2
260.0
0.0
0.0
181.6
0.0
0.0
0.0
103.4
66.0
0.0
46.6
20.2
113.4
0.0
0.0
0.0
0.0
0.0
0.0
0.0
0.0
0.0
69.0
36.0
152.6
0.0
0.0
0.0
0.0
0.0
0.0
0.0
0.0
0.0
0.0
0.0
0.0
0.0
0.0
0.0
0.0
0.0
0.0
0.0
0.0
0.0
0.0
0.0
0.0
21.0
0.0
0.0
0.0
0.0
0.0
0.0
0.0
0.0
0.0
0.0
0.0
0.0
0.0
0.0
0.0
0.0
0.0
0.0
0.0
0.0
0.0
0.0
0.0
0.0
0.0
0.0
1446.2
1471.6
28.6
161.2
153.2
0.0
33.0
113.8
268.6
0.0
0.0
0.0
0.0
0.0
0.0
0.0
0.0
0.0
0.0
150.2
0.0
0.0
851.2
0.0
29.4
111.6
161.8
124.8
93.2
0.0
0.0
103.2
268.0
0.0
0.0
0.0
0.0
0.0
0.0
0.0
0.0
0.0
137.2
0.0
607.2
0.0
0.0
45.6
22.0
0.0
0.0
126.8
0.0
293.2
131.6
0.0
0.0
0.0
0.0
0.0
0.0
0.0
0.0
0.0
0.0
21.2
128.2
323.8
53.0
0.0
1015.6
3199.4
0.0
0.0
0.0
354.2
0.0
23.8
115.4
109.4
218.0
0.0
0.0
0.0
0.0
0.0
0.0
0.0
0.0
0.0
0.0
0.0
2096.8
1160.2
180.8
24.2
0.0
58.6
0.0
366.4
118.8
21.2
0.0
0.0
0.0
0.0
20.2
0.0
0.0
0.0
0.0
0.0
0.0
0.0
135.8
121.0
0.0
0.0
114.6
1851.6
108.4
24.0
93.4
71.6
3173.2
0.0
113.8
151.2
133.6
0.0
0.0
0.0
184.4
0.0
0.0
0.0
0.0
0.0
47.6
0.0
0.0
0.0
0.0
0.0
0.0
0.0
0.0
0.0
0.0
0.0
0.0
45.8
126.8
0.0
0.0
0.0
0.0
0.0
0.0
0.0
0.0
0.0
0.0
0.0
0.0
0.0
0.0
946.6
555.8
0.0
0.0
0.0
148.0
0.0
0.0
0.0
0.0
0.0
0.0
0.0
0.0
0.0
0.0
0.0
0.0
0.0
0.0
0.0
0.0
0.0
0.0
0.0
0.0
0.0
0.0
0.0
246.2
0.0
0.0
0.0
0.0
0.0
0.0
0.0
0.0
0.0
0.0
0.0
0.0
0.0
207.4
3282.0
0.0
0.0
785.8
38.8
0.0
0.0
148.6
381.2
52.2
25.4
0.0
116.4
0.0
0.0
20.8
0.0
0.0
203.6
0.0
0.0
0.0
0.0
0.0
0.0
0.0
0.0
512.6
0.0
0.0
112.6
0.0
125.0
225.8
131.4
0.0
94.6
46.2
0.0
0.0
0.0
0.0
0.0
0.0
0.0
0.0
0.0
74.8
229.8
190.6
0.0
0.0
0.0
109.8
86.6
180.0
23.0
20.2
97.4
0.0
0.0
0.0
0.0
0.0
0.0
0.0
172.2
0.0
0.0
0.0
0.0
90.8
0.0
220.4
28.0
31.6
0.0
123.8
108.0
92.6
373.0
122.2
0.0
123.2
127.4
85.4
0.0
0.0
0.0
0.0
0.0
0.0
0.0
0.0
0.0
0.0
2040.4
48.4
0.0
0.0
0.0
0.0
0.0
0.0
0.0
121.4
0.0
97.4
122.6
23.0
243.0
0.0
0.0
270.8
0.0
0.0
236.6
21.2
145.6
92.0
2089.8
320.2
0.0
20.8
26.4
0.0
0.0
0.0
0.0
51.6
24.8
46.6
112.0
112.0
0.0
0.0
0.0
0.0
0.0
0.0
0.0
0.0
91.4
798.8
0.0
0.0
0.0
0.0
0.0
0.0
0.0
0.0
0.0
0.0
0.0
0.0
0.0
0.0
0.0
0.0
0.0
0.0
0.0
0.0
0.0
0.0
0.0
0.0
0.0
0.0
0.0
0.0
0.0
0.0
0.0
0.0
0.0
0.0
0.0
0.0
0.0
0.0
0.0
0.0
0.0
0.0
0.0
0.0
0.0
0.0
0.0
0.0
0.0
0.0
0.0
0.0
0.0
0.0
0.0
0.0
0.0
0.0
0.0
0.0
0.0
0.0
0.0
0.0
0.0
0.0
0.0
0.0
0.0
0.0
0.0
0.0
0.0
0.0
0.0
0.0
0.0
52.6
43.8
0.0
102.6
0.0
131.4
0.0
89.6
211.2
0.0
0.0
0.0
131.4
0.0
0.0
0.0
0.0
0.0
359.6
20.6
392.2
0.0
24.4
23.0
0.0
72.0
43.0
0.0
0.0
60.0
0.0
0.0
0.0
0.0
0.0
0.0
0.0
0.0
0.0
44.0
0.0
0.0
0.0
54.8
91.0
115.8
62.4
0.0
0.0
43.0
111.2
563.6
0.0
0.0
44.6
0.0
119.4
0.0
0.0
0.0
0.0
0.0
0.0
0.0
0.0
0.0
1421.8
177.4
0.0
0.0
190.4
0.0
124.6
0.0
114.2
54.8
0.0
43.4
115.6
49.0
0.0
0.0
0.0
0.0
0.0
0.0
86.0
142.6
0.0
136.8
119.4
0.0
207.0
0.0
0.0
0.0
0.0
495.8
283.6
0.0
107.2
116.2
151.8
0.0
116.0
0.0
0.0
0.0
0.0
0.0
0.0
0.0
0.0
253.2
0.0
326.2
2714.2
819.6
625.4
167.4
0.0
0.0
0.0
117.6
25.4
30.2
0.0
119.2
116.2
0.0
0.0
0.0
0.0
0.0
0.0
0.0
175.8
151.2
0.0
0.0
0.0
0.0
0.0
0.0
0.0
0.0
0.0
25.6
29.0
21.8
101.8
0.0
149.4
0.0
0.0
0.0
0.0
49.0
0.0
0.0
0.0
0.0
0.0
1847.8
0.0
0.0
631.2
0.0
0.0
0.0
121.6
0.0
0.0
0.0
0.0
0.0
0.0
0.0
0.0
0.0
0.0
0.0
0.0
0.0
0.0
0.0
0.0
0.0
0.0
0.0
0.0
0.0
0.0
382.2
198.8
639.4
0.0
0.0
0.0
0.0
69.0
0.0
0.0
0.0
0.0
0.0
0.0
0.0
0.0
0.0
0.0
943.4
156.8
0.0
0.0
0.0
0.0
0.0
0.0
0.0
0.0
0.0
0.0
0.0
0.0
0.0
0.0
0.0
0.0
0.0
0.0
0.0
0.0
0.0
0.0
0.0
0.0
0.0
154.8
0.0
854.4
0.0
0.0
0.0
156.6
81.8
46.8
82.2
0.0
0.0
0.0
0.0
0.0
0.0
84.2
0.0
0.0
118.6
0.0
82.4
0.0
0.0
0.0
0.0
0.0
0.0
0.0
285.6
137.6
21.2
63.0
122.2
0.0
20.6
0.0
0.0
0.0
0.0
0.0
0.0
0.0
0.0
0.0
0.0
0.0
0.0
0.0
0.0
0.0
0.0
0.0
0.0
0.0
0.0
0.0
0.0
42.4
0.0
0.0
0.0
0.0
171.0
0.0
63.4
0.0
0.0
0.0
40.4
114.6
0.0
142.6
2442.6
0.0
50.6
0.0
122.0
0.0
203.4
0.0
91.8
0.0
0.0
0.0
0.0
0.0
0.0
0.0
0.0
0.0
125.8
45.6
0.0
267.4
0.0
0.0
286.0
0.0
147.2
20.4
259.4
125.6
85.2
24.2
153.4
0.0
0.0
221.8
0.0
0.0
0.0
0.0
0.0
0.0
0.0
0.0
1279.6
0.0
0.0
0.0
759.0
0.0
101.4
0.0
106.2
20.8
0.0
0.0
0.0
0.0
0.0
0.0
0.0
0.0
0.0
0.0
0.0
0.0
0.0
0.0
0.0
0.0
0.0
0.0
2106.4
226.2
0.0
0.0
0.0
0.0
169.8
148.6
110.6
109.0
143.6
83.2
0.0
0.0
0.0
0.0
0.0
0.0
134.6
156.2
0.0
259.2
87.4
940.8
0.0
0.0
0.0
0.0
0.0
2803.4
0.0
0.0
111.2
105.2
0.0
0.0
0.0
0.0
0.0
0.0
0.0
129.4
0.0
0.0
0.0
0.0
0.0
884.4
0.0
0.0
0.0
0.0
0.0
322.4
0.0
52.4
0.0
91.8
71.4
0.0
0.0
0.0
0.0
0.0
0.0
0.0
0.0
182.6
257.8
0.0
0.0
20.6
0.0
20.6
0.0
0.0
110.8
290.6
0.0
0.0
30.2
0.0
0.0
0.0
0.0
0.0
0.0
0.0
0.0
0.0
177.6
245.2
0.0
0.0
0.0
0.0
0.0
87.8
0.0
0.0
0.0
27.6
0.0
0.0
0.0
0.0
0.0
0.0
0.0
0.0
0.0
0.0
0.0
0.0
0.0
0.0
297.2
99.0
0.0
220.4
0.0
101.4
0.0
0.0
264.2
270.8
112.8
21.2
33.8
0.0
72.8
0.0
0.0
0.0
0.0
0.0
0.0
43.2
120.8
61.4
0.0
63.2
0.0
220.8
0.0
0.0
21.0
124.6
0.0
152.2
0.0
75.8
48.8
122.8
0.0
0.0
0.0
0.0
0.0
0.0
0.0
0.0
0.0
0.0
0.0
0.0
121.8
0.0
2104.2
0.0
0.0
22.0
936.4
0.0
0.0
117.4
21.0
122.2
0.0
0.0
0.0
0.0
0.0
0.0
119.4
0.0
0.0
182.6
57.8
0.0
0.0
809.6
0.0
0.0
0.0
0.0
73.8
159.2
252.6
140.6
0.0
0.0
0.0
0.0
0.0
0.0
0.0
0.0
0.0
0.0
0.0
0.0
0.0
269.6
0.0
0.0
1436.8
0.0
163.0
0.0
813.2
855.2
0.0
22.8
115.0
0.0
0.0
0.0
0.0
0.0
0.0
0.0
0.0
0.0
147.4
72.4
0.0
313.2
0.0
0.0
0.0
0.0
0.0
0.0
45.6
97.2
0.0
244.4
87.6
0.0
0.0
0.0
0.0
0.0
0.0
0.0
0.0
0.0
0.0
0.0
0.0
0.0
143.2
614.6
2685.8
112.2
0.0
0.0
0.0
137.4
149.4
57.8
0.0
122.2
0.0
0.0
0.0
0.0
0.0
0.0
0.0
0.0
0.0
0.0
0.0
48.2
375.6
23.6
152.4
139.6
98.2
561.0
848.8
133.6
101.8
0.0
50.0
127.0
0.0
0.0
59.0
23.2
0.0
0.0
0.0
0.0
0.0
107.6
956.0
3369.0
0.0
61.6
67.8
40.4
118.8
0.0
25.8
86.0
0.0
152.4
123.0
82.2
0.0
0.0
0.0
0.0
0.0
0.0
0.0
0.0
0.0
187.4
0.0
23.4
61.2
0.0
0.0
0.0
0.0
0.0
0.0
103.0
29.6
0.0
0.0
0.0
0.0
0.0
0.0
0.0
0.0
0.0
0.0
0.0
0.0
0.0
150.8
0.0
37.0
0.0
0.0
0.0
0.0
39.0
1424.6
453.8
809.4
21.6
114.0
0.0
0.0
0.0
108.0
0.0
0.0
0.0
0.0
0.0
0.0
0.0
0.0
0.0
0.0
0.0
0.0
0.0
0.0
0.0
0.0
0.0
126.8
131.8
0.0
123.8
0.0
0.0
0.0
0.0
0.0
0.0
0.0
0.0
0.0
0.0
0.0
0.0
0.0
985.2
201.8
3403.2
0.0
0.0
72.0
0.0
21.8
0.0
123.4
122.4
0.0
0.0
0.0
0.0
0.0
0.0
146.0
0.0
137.8
0.0
0.0
0.0
0.0
0.0
264.0
0.0
0.0
0.0
0.0
59.6
42.2
0.0
98.6
84.2
0.0
0.0
0.0
0.0
0.0
0.0
0.0
0.0
0.0
0.0
0.0
112.2
0.0
923.0
0.0
0.0
0.0
0.0
0.0
0.0
21.4
122.8
92.8
48.8
94.8
0.0
0.0
0.0
0.0
207.6
0.0
0.0
0.0
0.0
0.0
241.0
1110.4
0.0
116.4
0.0
0.0
0.0
0.0
117.4
0.0
97.0
62.8
123.0
0.0
0.0
83.6
0.0
0.0
0.0
0.0
0.0
0.0
92.8
642.8
0.0
0.0
0.0
20.2
0.0
64.2
22.0
0.0
0.0
232.2
123.4
0.0
57.2
0.0
0.0
0.0
57.8
0.0
0.0
0.0
0.0
0.0
0.0
2122.0
3475.0
0.0
999.0
0.0
0.0
0.0
0.0
0.0
52.0
41.2
124.2
85.4
0.0
0.0
0.0
0.0
0.0
153.6
0.0
0.0
0.0
145.8
0.0
0.0
50.6
0.0
0.0
32.2
0.0
0.0
0.0
374.6
0.0
154.2
0.0
0.0
0.0
0.0
0.0
0.0
0.0
0.0
0.0
0.0
0.0
0.0
0.0
2176.2
3418.0
49.2
166.6
39.6
0.0
0.0
20.4
0.0
100.2
0.0
0.0
0.0
74.6
0.0
0.0
0.0
0.0
0.0
0.0
0.0
0.0
0.0
0.0
169.0
329.2
213.0
347.6
0.0
0.0
95.8
0.0
0.0
251.0
124.8
0.0
0.0
0.0
0.0
0.0
0.0
0.0
0.0
0.0
0.0
0.0
135.4
0.0
0.0
267.0
0.0
589.8
50.4
0.0
0.0
0.0
62.8
231.8
0.0
0.0
103.6
132.0
22.2
0.0
88.6
0.0
0.0
0.0
0.0
0.0
0.0
278.2
1809.4
59.4
463.8
648.6
0.0
0.0
0.0
0.0
0.0
0.0
0.0
0.0
0.0
0.0
0.0
0.0
0.0
0.0
0.0
0.0
0.0
0.0
0.0
0.0
0.0
0.0
0.0
0.0
0.0
0.0
0.0
0.0
0.0
0.0
0.0
0.0
0.0
0.0
0.0
0.0
0.0
0.0
0.0
0.0
0.0
0.0
0.0
0.0
0.0
0.0
0.0
0.0
0.0
0.0
0.0
0.0
0.0
0.0
0.0
0.0
0.0
125.0
0.0
0.0
0.0
158.4
0.0
0.0
0.0
0.0
146.4
0.0
471.0
0.0
2627.4
0.0
0.0
3230.4
0.0
0.0
0.0
118.6
0.0
114.8
59.0
116.0
0.0
0.0
0.0
0.0
0.0
0.0
0.0
0.0
266.2
35.6
0.0
1142.6
1200.6
98.8
712.2
1215.6
1183.8
680.4
0.0
114.4
0.0
0.0
47.6
57.2
0.0
0.0
171.2
0.0
229.2
0.0
0.0
0.0
0.0
0.0
257.0
834.4
738.0
0.0
0.0
0.0
0.0
0.0
44.6
68.6
0.0
79.8
128.6
0.0
0.0
0.0
0.0
0.0
0.0
0.0
23.6
0.0
263.4
0.0
197.0
551.0
495.4
1225.2
992.0
1106.4
1260.2
59.8
112.6
117.4
195.0
126.2
27.6
0.0
0.0
0.0
0.0
0.0
0.0
0.0
0.0
0.0
114.6
0.0
0.0
0.0
0.0
0.0
493.8
490.2
525.6
511.6
0.0
0.0
0.0
362.4
109.2
123.8
0.0
0.0
0.0
0.0
0.0
196.2
0.0
0.0
0.0
760.6
0.0
0.0
1205.6
1167.8
888.6
787.0
1384.4
1192.0
0.0
0.0
0.0
120.8
0.0
120.8
0.0
167.0
0.0
0.0
0.0
0.0
0.0
0.0
0.0
0.0
533.4
1206.8
1182.0
1527.4
1211.0
0.0
1191.2
1190.6
100.2
259.2
113.4
104.8
78.4
0.0
0.0
0.0
0.0
0.0
0.0
0.0
0.0
60.4
0.0
0.0
630.0
1198.0
1223.4
1185.6
1224.2
1228.8
1209.2
1239.2
218.0
0.0
0.0
61.6
78.8
132.8
0.0
0.0
0.0
0.0
0.0
0.0
0.0
0.0
258.8
32.4
1006.8
1217.2
1240.6
1251.4
1214.2
1281.4
1231.2
1300.0
83.2
0.0
103.8
0.0
0.0
26.0
0.0
0.0
0.0
0.0
0.0
24.0
0.0
0.0
0.0
0.0
994.4
1509.4
1358.0
1394.8
1370.6
1385.8
1418.4
1322.4
64.4
3250.4
171.8
129.4
22.6
0.0
0.0
0.0
0.0
0.0
0.0
22.6
0.0
0.0
0.0
0.0
528.2
768.6
1434.0
2690.0
1300.8
1321.4
1306.0
1351.2
23.2
0.0
68.2
66.8
22.8
0.0
0.0
0.0
0.0
0.0
0.0
0.0
0.0
0.0
0.0
0.0
0.0
528.5
556.4
1827.2
1428.8
3421.2
1484.4
1470.4
0.0
0.0
0.0
0.0
102.4
127.4
140.6
0.0
0.0
104.2
20.4
0.0
0.0
0.0
0.0
44.2
0.0
650.2
1386.4
659.0
638.2
629.8
619.0
595.4
251.8
0.0
167.0
130.8
0.0
24.0
0.0
0.0
0.0
0.0
0.0
0.0
0.0
0.0
0.0
0.0
2149.0
642.6
745.4
1407.8
4582.0
2014.8
2071.4
1423.2
0.0
0.0
0.0
40.4
113.2
25.8
0.0
0.0
46.6
0.0
0.0
0.0
0.0
0.0
0.0
0.0
1093.8
1372.2
1366.8
1442.2
1447.2
1436.2
1475.0
1444.8
0.0
0.0
142.4
0.0
158.6
0.0
0.0
0.0
0.0
0.0
0.0
0.0
0.0
0.0
0.0
0.0
1204.2
1371.2
1435.0
1448.2
1463.0
1555.4
1479.2
1345.2
0.0
115.0
37.0
0.0
28.8
95.8
0.0
0.0
0.0
0.0
0.0
0.0
0.0
0.0
134.4
0.0
3586.8
1683.2
1444.8
1391.0
4608.4
817.0
1489.2
1484.8
119.4
60.6
0.0
139.4
159.4
228.4
0.0
0.0
0.0
66.0
0.0
0.0
0.0
0.0
0.0
0.0
1446.8
1596.6
1867.2
1051.0
2392.0
1554.2
1621.0
1474.0
0.0
0.0
0.0
120.4
30.0
49.2
0.0
0.0
0.0
111.8
0.0
0.0
0.0
0.0
0.0
0.0
1672.6
854.2
1441.0
1479.6
4706.8
1397.8
2204.2
558.4
0.0
0.0
0.0
105.2
141.2
0.0
126.4
0.0
0.0
0.0
0.0
204.4
0.0
0.0
0.0
91.8
848.2
1363.8
1366.8
1355.6
1368.4
1359.8
1349.2
274.0
0.0
591.2
0.0
125.0
49.6
0.0
0.0
0.0
117.0
0.0
0.0
20.4
0.0
111.8
0.0
0.0
2052.4
1428.6
1633.6
2800.0
1466.2
1336.4
524.2
211.8
0.0
0.0
0.0
157.8
127.4
0.0
0.0
0.0
0.0
0.0
0.0
0.0
0.0
81.2
0.0
0.0
806.2
1452.8
2702.6
1686.2
1401.8
1358.6
1411.2
385.6
211.8
0.0
70.0
128.8
129.8
0.0
0.0
0.0
0.0
0.0
0.0
0.0
0.0
0.0
0.0
0.0
2630.6
1413.0
0.0
4827.2
1568.0
0.0
1410.8
98.6
0.0
112.4
130.2
0.0
78.2
0.0
0.0
0.0
218.4
0.0
0.0
0.0
0.0
0.0
30.4
373.2
2533.8
815.0
1036.8
1245.0
630.4
754.4
716.8
0.0
435.4
88.2
0.0
131.2
74.6
0.0
0.0
0.0
0.0
0.0
23.6
0.0
0.0
0.0
196.2
839.0
632.2
1611.2
1545.4
4621.0
2130.0
1437.6
1534.6
0.0
45.6
146.8
156.8
141.8
73.6
46.6
0.0
0.0
0.0
0.0
0.0
0.0
0.0
0.0
595.2
1177.0
794.6
660.2
1392.2
1389.2
1379.4
1426.6
1508.6
127.6
66.8
127.0
122.2
144.4
129.2
0.0
0.0
0.0
0.0
0.0
0.0
0.0
0.0
0.0
631.6
806.8
1457.8
1515.4
1499.2
1539.6
2788.6
1398.4
1437.8
0.0
0.0
0.0
0.0
131.2
96.8
0.0
0.0
0.0
0.0
0.0
0.0
0.0
0.0
0.0
1581.8
953.6
2463.6
1094.4
1417.6
2072.8
1405.2
1375.4
1386.0
325.8
128.2
86.0
123.8
0.0
107.6
107.8
0.0
0.0
44.4
134.8
107.2
0.0
887.2
612.0
682.2
614.8
1130.2
1356.4
2016.8
1375.8
1349.2
1372.8
1416.6
914.0
0.0
0.0
167.8
144.6
117.8
0.0
67.2
110.0
44.2
0.0
35.4
111.8
87.6
0.0
0.0
504.0
1332.4
1316.0
1385.0
1391.2
1355.4
1397.4
1439.2
272.8
0.0
118.6
0.0
0.0
0.0
0.0
0.0
0.0
0.0
0.0
0.0
0.0
0.0
0.0
0.0
561.0
2293.5
1603.6
1489.8
1411.4
1380.2
502.8
533.6
93.6
0.0
0.0
137.0
91.6
68.8
0.0
0.0
0.0
0.0
0.0
0.0
0.0
0.0
0.0
0.0
20.4
870.8
1368.4
118.4
534.2
688.8
496.6
524.8
202.0
0.0
0.0
62.0
194.2
0.0
0.0
0.0
0.0
0.0
0.0
0.0
0.0
0.0
0.0
0.0
0.0
0.0
0.0
0.0
0.0
0.0
0.0
0.0
0.0
0.0
0.0
145.8
173.0
52.0
0.0
0.0
0.0
0.0
0.0
21.0
0.0
0.0
0.0
93.0
148.4
795.25
1362.4
268.8
3196.2
1415.6
1413.8
1426.4
352.2
0.0
191.4
128.0
202.2
131.2
0.0
0.0
0.0
31.2
94.4
0.0
0.0
48.2
0.0
115.6
0.0
739.4
1479.4
917.8
0.0
3444.6
1359.2
1381.0
365.2
0.0
81.6
132.2
22.4
20.2
0.0
0.0
0.0
0.0
0.0
0.0
0.0
0.0
0.0
161.0
0.0
973.2
1376.2
211.6
1365.6
1412.8
1443.4
518.2
0.0
62.4
150.0
50.0
31.4
279.0
0.0
0.0
0.0
0.0
0.0
0.0
0.0
0.0
0.0
0.0
0.0
973.8
1530.8
1064.4
519.8
507.0
530.8
556.6
0.0
0.0
20.2
0.0
0.0
86.8
0.0
0.0
0.0
0.0
0.0
0.0
0.0
0.0
0.0
0.0
3378.8
1366.2
1355.4
280.4
429.8
675.4
506.4
539.0
214.2
0.0
195.75
128.8
180.0
0.0
0.0
46.8
0.0
0.0
0.0
0.0
0.0
0.0
0.0
150.2
918.0
1348.6
2347.2
311.6
786.6
1374.0
1412.4
1396.0
361.8
35.0
96.4
0.0
53.0
139.8
0.0
0.0
0.0
0.0
0.0
0.0
0.0
0.0
97.4
31.2
1001.0
1595.4
1358.0
277.2
794.4
1392.2
1428.8
1408.2
194.4
0.0
34.2
134.2
138.4
113.4
0.0
0.0
0.0
24.6
0.0
0.0
0.0
0.0
0.0
0.0
1197.4
1103.2
1405.6
274.0
446.8
555.4
534.6
518.8
162.0
43.4
53.6
0.0
192.8
107.4
0.0
48.6
0.0
0.0
0.0
0.0
0.0
0.0
0.0
3337.0
0.0
1347.2
1433.0
274.4
462.6
923.4
1473.6
526.0
212.0
42.0
41.4
49.8
132.8
214.2
0.0
0.0
0.0
0.0
0.0
0.0
0.0
0.0
0.0
0.0
0.0
1331.6
1345.0
671.8
432.0
540.0
535.4
520.6
473.2
0.0
21.8
122.2
74.0
0.0
0.0
0.0
0.0
0.0
107.4
197.0
0.0
0.0
0.0
0.0
20.2
1395.0
1391.0
274.6
4040.0
1386.8
1552.2
1405.4
986.2
108.6
69.0
0.0
137.6
75.4
0.0
0.0
0.0
0.0
0.0
0.0
0.0
0.0
0.0
0.0
199.8
1479.2
2108.4
294.2
462.0
542.0
510.8
537.4
211.4
117.2
22.2
104.6
102.0
115.6
0.0
0.0
0.0
0.0
0.0
0.0
0.0
0.0
0.0
0.0
0.0
1461.8
1393.4
275.4
400.2
510.6
535.8
532.0
107.6
0.0
0.0
71.4
113.8
0.0
0.0
0.0
87.0
0.0
0.0
0.0
0.0
79.0
0.0
419.0
0.0
4456.6
1491.2
571.4
486.6
565.6
551.6
568.6
632.4
87.0
0.0
0.0
0.0
0.0
0.0
0.0
29.0
0.0
58.6
0.0
0.0
0.0
0.0
0.0
40.4
1392.2
1364.4
563.2
554.0
542.2
515.2
517.4
128.8
109.6
0.0
26.4
130.8
78.2
0.0
0.0
0.0
0.0
0.0
0.0
0.0
0.0
0.0
0.0
233.6
1340.6
1505.8
612.2
576.0
1354.2
3095.0
1517.0
610.2
0.0
188.4
50.2
122.6
123.0
0.0
0.0
0.0
0.0
0.0
23.0
56.0
0.0
0.0
0.0
551.2
1645.2
1500.8
1495.4
3836.4
1390.4
1403.2
532.0
783.6
1420.0
311.2
0.0
127.6
135.0
132.2
20.2
0.0
0.0
0.0
0.0
30.6
0.0
0.0
0.0
1624.4
1376.4
1655.6
2252.0
0.0
0.0
0.0
0.0
0.0
0.0
0.0
0.0
0.0
0.0
0.0
0.0
0.0
0.0
0.0
0.0
0.0
0.0
0.0
0.0
207.2
1865.8
1357.8
1255.0
1621.4
1909.4
2151.6
512.0
2103.8
193.0
441.4
225.2
123.8
137.0
44.6
471.4
827.8
795.0
893.8
0.0
0.0
0.0
0.0
30.8
192.2
1447.2
641.6
0.0
715.2
546.4
525.4
553.0
266.4
819.4
125.0
24.6
134.2
85.6
0.0
0.0
0.0
0.0
0.0
0.0
0.0
0.0
647.0
721.0
717.8
1372.6
1350.4
1709.0
602.8
599.8
505.6
534.2
104.8
0.0
0.0
0.0
134.6
60.6
0.0
87.8
0.0
0.0
0.0
65.8
0.0
0.0
110.6
0.0
0.0
654.4
1194.2
720.0
1727.2
1408.8
1440.4
1388.4
20.4
0.0
138.4
0.0
0.0
128.2
0.0
0.0
0.0
0.0
0.0
0.0
0.0
0.0
696.0
755.6
64.2
1390.6
1369.0
43.4
555.4
2015.8
1419.4
1404.6
776.2
0.0
63.2
121.0
104.0
131.0
61.0
0.0
0.0
20.4
0.0
0.0
40.8
0.0
0.0
0.0
0.0
1396.8
532.0
0.0
537.8
541.8
512.8
1192.8
785.4
0.0
0.0
24.4
61.2
134.8
21.2
0.0
0.0
0.0
20.2
0.0
0.0
40.4
0.0
702.0
2806.4
1383.2
1366.4
676.6
1999.4
535.0
519.0
699.4
327.4
65.8
67.4
20.2
40.6
110.4
32.4
0.0
0.0
0.0
0.0
0.0
202.0
0.0
0.0
4245.2
324.8
2147.2
1523.2
690.8
1200.6
1208.6
651.2
556.6
605.4
109.2
41.6
20.2
152.4
137.2
85.0
0.0
0.0
0.0
0.0
0.0
0.0
0.0
559.4
734.6
110.4
1365.6
1355.2
70.6
544.8
520.4
547.4
552.6
21.4
20.6
86.0
20.2
156.0
124.8
0.0
20.4
0.0
0.0
0.0
143.8
0.0
0.0
0.0
189.6
104.4
2189.8
509.0
1856.8
1118.4
1214.0
574.0
522.6
227.2
0.0
137.4
0.0
136.2
103.0
0.0
0.0
0.0
0.0
0.0
0.0
0.0
0.0
679.0
758.6
1894.2
1378.8
1346.6
74.6
1856.0
530.0
545.6
514.6
202.8
0.0
123.2
0.0
134.2
40.6
0.0
0.0
0.0
0.0
0.0
0.0
0.0
0.0
663.8
709.2
1643.4
1055.2
2695.4
101.4
432.8
542.4
541.8
510.8
206.4
46.8
63.0
0.0
134.8
41.0
0.0
0.0
31.8
0.0
0.0
0.0
0.0
0.0
640.6
737.6
765.4
2105.8
508.0
156.2
469.4
508.6
551.6
543.8
152.6
138.0
140.8
153.8
136.6
136.4
0.0
0.0
0.0
65.8
0.0
0.0
20.2
0.0
634.0
3888.6
733.6
2115.8
1632.2
101.8
438.2
536.0
521.0
546.2
104.2
109.6
24.0
125.4
130.0
103.8
0.0
0.0
20.2
0.0
0.0
0.0
0.0
0.0
679.0
706.0
743.6
1209.6
1390.6
108.0
470.0
527.4
545.0
513.6
193.2
0.0
109.6
48.2
122.2
129.8
0.0
657.6
754.8
761.2
886.8
165.4
0.0
0.0
0.0
61.4
0.0
696.6
491.4
1836.8
439.8
1192.4
549.4
517.2
205.8
71.4
0.0
104.6
74.8
48.2
0.0
193.4
62.2
0.0
0.0
0.0
20.2
0.0
604.6
711.6
1585.6
1178.0
1173.4
795.0
431.0
541.8
536.4
143.8
79.6
82.0
128.8
124.6
134.6
138.0
0.0
0.0
0.0
162.6
0.0
0.0
0.0
0.0
520.4
737.6
1558.6
843.4
1341.6
303.6
3728.6
518.4
549.8
516.0
711.2
43.6
89.0
141.8
103.6
139.0
0.0
0.0
20.6
0.0
60.6
0.0
0.0
20.6
512.8
1051.2
758.0
974.2
1393.4
271.6
436.2
567.0
1273.2
539.6
108.6
108.2
0.0
124.4
0.0
142.0
0.0
41.0
0.0
20.2
40.4
0.0
0.0
0.0
535.4
703.0
760.6
547.0
2322.2
1283.8
3707.8
544.4
517.2
2088.2
281.8
42.0
0.0
27.2
135.8
102.6
0.0
0.0
0.0
0.0
20.2
0.0
0.0
0.0
1996.8
2806.2
1940.4
2047.8
1353.6
980.2
818.2
1410.4
1374.8
547.8
132.0
92.8
41.0
0.0
139.2
154.0
20.2
41.0
0.0
77.2
0.0
0.0
0.0
0.0
511.6
733.0
725.8
2917.8
1387.8
484.0
3777.8
510.2
539.4
1386.6
461.6
0.0
140.6
0.0
110.0
123.0
20.2
86.2
52.0
0.0
51.6
0.0
0.0
0.0
502.6
724.6
700.8
2028.8
2028.0
2618.8
411.4
546.0
506.8
542.2
238.8
141.6
117.2
103.2
129.0
82.2
20.2
0.0
0.0
0.0
0.0
0.0
41.0
0.0
505.0
750.8
739.2
2079.2
1363.4
541.0
555.8
541.0
531.2
524.4
238.0
0.0
0.0
0.0
0.0
25.2
20.2
20.4
44.4
20.4
0.0
0.0
0.0
0.0
471.6
734.0
783.4
1374.4
1400.4
555.8
381.4
527.4
562.4
532.0
285.4
0.0
40.4
0.0
136.6
40.6
20.4
0.0
0.0
0.0
61.0
0.0
103.8
0.0
539.8
749.6
1077.4
97.0
66.6
0.0
4728.2
1370.2
1402.6
583.8
552.4
289.8
124.2
128.0
103.0
61.4
0.0
83.8
0.0
0.0
25.4
0.0
0.0
80.25
716.0
742.4
0.0
61.6
0.0
1462.6
1387.8
1346.6
1358.8
1386.6
1386.4
287.8
0.0
128.0
107.8
60.8
0.0
0.0
0.0
94.6
0.0
0.0
0.0
0.0
707.2
1452.4
1171.8
764.2
0.0
0.0
1363.0
1366.8
3836.6
1382.2
1424.4
206.8
90.6
106.8
106.8
0.0
0.0
0.0
0.0
0.0
62.8
0.0
0.0
0.0
1101.6
712.4
730.4
732.8
0.0
0.0
3978.0
1365.2
1371.6
1396.8
557.0
202.2
139.6
126.4
49.2
0.0
109.2
545.8
726.8
760.6
817.2
0.0
0.0
115.8
0.0
0.0
2185.6
1834.6
0.0
524.0
1372.6
1428.8
583.4
541.8
785.8
263.0
20.2
135.2
47.6
133.8
0.0
0.0
0.0
0.0
0.0
0.0
0.0
0.0
680.4
730.8
1576.4
2421.2
1109.4
1585.4
4614.2
1362.2
533.6
540.4
507.8
215.6
145.0
81.6
0.0
131.8
32.4
0.0
0.0
0.0
0.0
0.0
0.0
0.0
686.0
694.0
1569.4
785.0
0.0
529.8
1374.6
529.4
547.2
543.2
511.8
288.4
106.8
0.0
106.4
131.6
0.0
0.0
