401.2
149.4
0.0
218.2
0.0
0.0
105.0
129.6
231.8
695.2
133.8
175.4
170.8
158.8
0.0
0.0
309.8
29.2
289.8
283.6
251.2
187.6
168.6
92.2
182.6
29.0
0.0
92.4
0.0
110.0
23.0
224.6
1317.4
114.4
249.0
172.4
151.4
379.8
175.4
135.4
153.0
111.4
151.2
87.6
231.8
224.2
177.0
70.4
181.2
45.8
0.0
66.4
162.6
164.0
188.2
216.2
187.0
178.4
0.0
0.0
0.0
0.0
0.0
0.0
0.0
0.0
0.0
0.0
0.0
0.0
0.0
0.0
0.0
0.0
0.0
0.0
0.0
0.0
0.0
0.0
0.0
0.0
123.4
189.6
123.4
131.8
0.0
0.0
0.0
0.0
0.0
0.0
0.0
0.0
0.0
0.0
0.0
0.0
0.0
0.0
0.0
0.0
0.0
0.0
0.0
0.0
0.0
0.0
0.0
0.0
293.2
113.8
332.6
212.2
275.2
145.2
520.6
256.8
220.2
183.4
0.0
189.2
22.2
143.4
174.4
234.2
45.8
200.2
0.0
244.2
134.0
117.2
2319.4
967.6
129.8
76.4
189.8
367.0
175.6
144.0
134.2
0.0
218.2
67.8
113.6
235.4
132.8
68.0
133.4
91.6
218.0
127.2
320.8
71.0
165.8
0.0
76.2
192.6
79.8
183.8
127.4
380.2
944.8
317.4
0.0
255.0
229.8
188.8
135.4
155.0
119.2
24.2
135.2
176.8
171.4
240.0
20.4
313.8
92.4
161.4
124.6
70.8
270.0
0.0
107.0
177.6
180.8
125.0
99.6
0.0
198.2
147.2
176.0
243.2
162.6
27.0
117.8
228.6
117.0
175.4
428.8
407.6
1219.4
239.4
91.6
147.0
256.2
44.6
23.2
129.4
294.4
249.2
150.8
195.2
192.4
114.6
218.8
90.6
253.4
0.0
160.6
249.6
24.0
0.0
1316.4
1811.2
26.4
1717.8
911.2
79.2
174.0
59.6
116.4
152.6
246.8
100.4
278.0
87.0
107.6
258.2
68.6
190.8
0.0
91.2
244.4
0.0
233.6
69.4
765.8
0.0
0.0
0.0
0.0
0.0
0.0
0.0
0.0
0.0
0.0
0.0
0.0
237.6
137.2
0.0
107.2
252.6
95.0
0.0
53.4
114.8
269.6
0.0
190.0
68.0
0.0
0.0
205.333333333333
0.0
192.8
175.0
180.4
159.0
327.0
0.0
0.0
0.0
0.0
0.0
0.0
0.0
0.0
0.0
0.0
0.0
0.0
0.0
0.0
256.0
48.0
209.6
157.6
185.6
95.6
115.0
102.4
200.8
342.2
0.0
0.0
0.0
0.0
0.0
0.0
0.0
0.0
0.0
0.0
0.0
0.0
0.0
66.4
248.4
0.0
128.4
86.8
237.0
264.4
0.0
271.2
146.6
252.6
263.0
100.2
0.0
231.2
94.6
33.8
93.4
186.6
0.0
22.8
154.4
102.6
107.8
130.4
23.6
131.2
168.4
76.4
132.8
73.8
235.8
158.4
24.4
249.8
0.0
164.4
236.6
165.0
115.8
234.0
130.2
220.4
0.0
117.6
0.0
0.0
562.2
174.4
195.2
112.6
0.0
0.0
0.0
50.2
120.8
256.2
103.2
142.4
171.8
143.4
184.4
192.6
0.0
45.8
128.2
152.0
0.0
232.4
0.0
182.6
209.6
173.4
0.0
382.4
165.0
800.0
122.2
0.0
127.8
187.6
268.0
137.2
209.6
34.2
305.2
206.2
163.4
237.6
93.6
108.4
145.6
219.2
106.0
159.0
197.8
105.2
297.2
202.0
0.0
0.0
0.0
0.0
0.0
88.2
166.8
309.2
109.6
183.0
256.6
437.2
268.4
144.0
164.4
182.6
224.6
0.0
163.2
163.6
127.2
254.6
135.0
0.0
183.2
196.4
229.8
222.4
260.6
136.6
159.0
1253.6
148.2
258.2
141.8
168.0
138.2
220.0
184.8
177.2
177.8
145.2
228.0
90.6
231.4
171.4
0.0
0.0
0.0
0.0
0.0
0.0
0.0
0.0
0.0
0.0
0.0
0.0
0.0
0.0
0.0
0.0
0.0
0.0
0.0
0.0
0.0
0.0
0.0
0.0
0.0
0.0
0.0
0.0
0.0
0.0
0.0
0.0
0.0
0.0
0.0
0.0
0.0
0.0
0.0
0.0
0.0
0.0
0.0
0.0
0.0
0.0
0.0
0.0
0.0
0.0
0.0
0.0
0.0
0.0
0.0
0.0
0.0
0.0
0.0
0.0
0.0
0.0
0.0
0.0
0.0
0.0
0.0
0.0
0.0
0.0
0.0
0.0
0.0
0.0
0.0
0.0
0.0
284.6
168.0
271.8
239.4
273.4
204.0
190.6
148.6
197.8
156.6
130.8
223.6
165.2
223.2
97.4
115.6
107.0
148.8
259.4
2186.4
140.6
179.4
329.2
158.0
207.6
202.2
42.6
248.8
150.8
236.2
193.8
344.2
0.0
249.2
0.0
199.2
107.2
188.6
171.6
131.0
103.2
94.6
1609.8
266.2
136.2
213.0
188.2
157.0
153.0
208.8
219.0
335.6
369.6
174.4
218.0
138.6
115.4
135.8
71.0
229.4
197.8
159.8
95.0
0.0
234.4
116.8
201.8
243.4
173.2
326.2
170.8
172.6
216.2
187.2
202.6
225.2
143.2
194.2
194.4
127.2
209.0
174.0
136.0
115.6
125.4
195.8
204.0
109.0
144.6
25.6
347.2
378.2
209.2
150.8
0.0
0.0
327.2
664.6
309.2
222.6
94.6
210.4
0.0
164.2
143.4
204.2
171.2
122.0
132.0
158.0
108.6
179.8
42.0
2028.6
2228.4
1795.4
280.8
24.8
254.6
179.8
193.0
294.2
174.8
0.0
367.4
86.6
271.0
31.2
176.6
112.6
223.4
164.6
45.6
233.6
23.0
231.0
107.8
188.8
181.4
211.4
114.0
126.6
111.4
163.2
236.4
117.4
201.8
21.4
191.2
137.6
159.0
87.6
149.4
200.4
164.4
241.2
24.2
270.2
118.2
317.0
175.8
132.0
159.8
198.6
176.6
206.0
215.4
80.0
267.2
179.8
289.4
176.6
0.0
0.0
0.0
0.0
0.0
0.0
0.0
0.0
0.0
0.0
0.0
0.0
0.0
0.0
0.0
0.0
0.0
0.0
217.6
120.6
315.0
202.6
261.8
205.0
26.0
297.6
130.0
196.2
196.4
168.0
165.6
232.0
0.0
319.6
153.0
127.4
136.4
338.2
145.6
280.6
116.6
0.0
0.0
0.0
0.0
0.0
0.0
0.0
0.0
0.0
0.0
0.0
0.0
0.0
0.0
0.0
0.0
0.0
0.0
0.0
0.0
0.0
0.0
0.0
0.0
168.6
256.8
198.0
212.8
118.2
263.4
186.0
189.6
216.6
137.2
254.4
121.4
0.0
163.0
164.8
179.2
118.4
265.0
33.4
214.6
512.8
212.6
145.0
83.6
184.4
59.4
305.4
24.8
323.8
101.2
267.4
201.2
89.2
213.8
232.6
196.4
123.0
192.6
242.6
245.2
152.6
161.8
193.8
118.4
0.0
0.0
0.0
0.0
0.0
0.0
0.0
0.0
0.0
0.0
0.0
0.0
63.8
262.4
144.6
162.8
139.6
148.0
259.4
180.0
125.6
240.8
197.4
122.8
218.6
309.0
0.0
465.2
168.4
839.2
386.6
309.6
198.0
195.2
155.8
160.4
191.6
248.2
140.0
511.8
95.8
68.0
147.6
0.0
260.6
111.0
128.6
202.2
175.6
383.0
242.8
310.2
114.4
1804.8
214.4
324.2
120.0
244.6
258.2
119.2
341.4
92.0
158.2
146.0
0.0
206.6
115.8
42.8
105.6
115.2
105.6
0.0
212.8
303.6
199.2
0.0
329.2
1846.0
132.6
427.6
47.8
241.4
547.6
211.2
284.0
152.0
0.0
0.0
0.0
0.0
0.0
0.0
0.0
0.0
0.0
0.0
0.0
0.0
139.6
80.0
284.2
142.0
214.6
149.0
149.6
135.8
254.2
243.4
242.2
116.8
0.0
188.0
0.0
128.4
128.8
118.2
50.4
128.6
115.4
75.0
163.6
148.2
0.0
280.6
281.2
272.8
258.4
70.4
178.0
132.2
137.0
202.2
281.4
251.2
197.6
154.6
173.0
0.0
160.2
161.6
138.4
177.4
124.2
158.2
130.4
220.6
78.4
301.8
103.4
160.2
184.8
128.2
326.0
142.0
233.4
161.6
267.2
106.6
233.8
219.8
175.8
108.0
119.6
165.4
195.4
175.6
176.8
41.6
167.2
816.0
22.2
210.4
466.8
838.2
170.2
77.6
213.6
167.4
132.6
235.8
56.4
131.2
197.8
197.4
49.8
296.6
0.0
231.8
23.2
40.6
178.0
0.0
145.8
295.6
136.8
118.6
200.2
0.0
169.6
189.0
261.0
203.8
181.8
152.4
0.0
0.0
0.0
0.0
0.0
0.0
0.0
0.0
0.0
0.0
0.0
0.0
0.0
0.0
1348.8
261.6
0.0
191.4
27.6
124.8
168.6
111.6
885.6
142.0
216.2
205.0
190.4
182.6
122.4
196.4
0.0
240.2
93.8
170.8
109.2
233.4
0.0
214.2
156.6
356.0
51.0
272.0
26.6
321.6
129.2
56.4
126.4
58.4
179.6
195.8
161.6
54.4
102.8
240.0
0.0
174.0
0.0
186.6
114.4
116.4
0.0
191.8
170.2
75.4
181.6
87.8
241.2
0.0
211.4
886.8
182.8
0.0
181.2
116.2
893.0
115.2
100.6
116.2
75.6
189.4
161.6
152.0
258.8
272.8
177.8
176.8
102.6
124.6
181.8
322.0
115.6
343.2
118.2
186.8
206.0
150.0
188.4
1870.2
231.8
170.0
193.8
273.6
189.2
77.2
115.0
128.2
124.2
128.4
161.0
118.4
247.0
150.0
272.6
267.2
134.0
279.4
382.0
159.2
978.0
1230.6
470.4
153.8
193.4
163.8
172.6
123.2
124.2
93.8
111.6
117.6
0.0
174.0
566.8
178.2
292.4
129.6
1370.2
743.4
100.4
306.8
81.0
248.8
0.0
199.6
149.2
193.6
164.4
65.8
234.8
0.0
148.2
69.8
341.0
95.8
146.2
304.4
150.2
265.8
0.0
245.4
231.8
115.0
171.2
396.4
200.6
0.0
268.8
69.8
274.0
1495.6
174.8
733.8
46.2
204.4
92.6
335.6
0.0
257.8
96.8
179.8
169.2
904.6
857.8
300.2
29.6
183.2
231.0
0.0
207.2
0.0
259.0
146.0
217.2
57.2
297.8
142.8
201.0
228.8
260.4
245.2
107.2
0.0
174.0
49.6
20.8
116.8
246.8
0.0
200.8
0.0
136.8
191.4
130.0
0.0
143.2
53.6
252.4
1195.2
196.4
194.4
1201.6
22.6
118.0
115.2
69.2
163.4
109.4
117.0
121.8
1292.0
180.6
153.2
60.6
233.6
149.2
192.6
0.0
0.0
0.0
187.0
118.2
0.0
0.0
0.0
0.0
0.0
0.0
0.0
0.0
0.0
0.0
0.0
0.0
0.0
70.0
67.0
218.8
22.4
191.2
85.0
166.4
244.6
1409.6
712.4
1153.2
201.4
158.0
0.0
195.0
20.4
156.6
131.2
116.6
178.0
125.2
145.0
0.0
175.6
254.6
252.6
263.6
82.4
156.2
71.0
258.4
0.0
183.8
142.8
202.8
238.0
193.0
281.2
112.8
311.0
0.0
227.8
77.6
159.0
126.8
0.0
169.2
57.6
124.2
264.8
127.2
263.0
26.6
226.2
220.0
0.0
294.6
0.0
297.8
274.2
131.8
183.2
0.0
208.0
141.0
140.6
268.8
137.8
327.4
25.6
235.2
200.2
54.4
178.0
31.2
232.4
208.8
223.0
131.2
309.0
198.2
247.6
0.0
159.6
205.2
156.4
202.2
0.0
201.4
128.2
130.0
103.2
93.2
221.8
115.8
229.6
1350.2
235.2
189.8
237.6
124.6
186.0
123.6
46.8
218.6
0.0
189.6
179.6
238.8
258.4
161.8
102.0
207.2
101.4
262.8
0.0
190.2
154.2
186.4
112.2
99.0
156.6
401.0
1735.4
123.8
0.0
0.0
123.2
195.4
165.4
145.2
260.8
191.6
248.8
110.2
169.4
112.4
244.4
26.8
216.8
211.8
268.2
77.6
220.6
1278.4
128.6
235.8
937.2
190.6
59.0
188.6
23.8
305.4
24.6
192.8
23.4
233.6
198.2
117.2
184.4
175.6
158.4
187.0
130.2
238.4
176.2
23.8
258.0
22.4
249.2
0.0
258.0
0.0
187.0
164.2
126.8
170.4
24.8
342.8
145.6
339.6
0.0
201.0
113.4
251.0
127.0
131.2
128.0
153.6
124.6
0.0
243.6
154.4
178.0
149.0
340.2
155.0
142.2
126.4
178.2
163.8
0.0
207.8
0.0
0.0
0.0
0.0
0.0
0.0
0.0
0.0
0.0
0.0
0.0
1192.2
194.8
123.8
158.0
614.8
305.2
363.2
0.0
252.6
198.6
141.4
132.8
167.4
117.6
183.6
123.4
0.0
237.6
191.8
228.0
116.8
206.6
112.4
117.2
1510.6
106.4
97.0
118.8
236.2
133.4
336.0
197.4
303.6
0.0
129.0
190.6
70.6
158.0
76.6
213.6
201.4
100.4
118.0
190.8
0.0
184.8
0.0
198.8
1497.2
124.75
0.0
250.0
72.2
403.2
123.6
0.0
0.0
95.6
133.0
124.2
155.8
115.2
200.8
147.6
184.2
192.4
361.6
190.8
119.4
115.8
158.0
246.4
22.2
76.0
149.2
235.6
342.0
309.2
27.8
133.6
0.0
0.0
0.0
0.0
0.0
0.0
0.0
0.0
0.0
0.0
0.0
0.0
0.0
0.0
0.0
0.0
0.0
0.0
0.0
0.0
0.0
0.0
0.0
0.0
0.0
0.0
0.0
0.0
0.0
0.0
0.0
0.0
0.0
0.0
0.0
0.0
0.0
0.0
0.0
0.0
0.0
0.0
0.0
0.0
0.0
0.0
0.0
0.0
0.0
0.0
0.0
0.0
0.0
0.0
199.6
719.0
207.4
187.6
336.4
331.2
228.2
251.2
230.8
479.2
240.2
330.8
241.0
822.6
1831.4
0.0
0.0
179.4
181.6
129.2
148.4
206.2
292.4
55.6
212.2
211.4
127.4
254.666666666667
0.0
200.2
333.4
251.8
269.6
208.6
1000.6
415.0
155.2
795.0
1027.6
229.0
1182.8
1005.4
716.0
47.2
125.0
189.6
174.6
157.8
146.8
0.0
165.2
180.0
220.8
287.6
268.2
315.0
233.4
226.8
898.2
293.8
634.0
1289.2
1253.6
0.0
0.0
0.0
0.0
0.0
136.0
185.6
0.0
154.4
211.8
107.0
280.6
88.2
180.6
173.2
29.2
140.4
170.4
235.8
1503.4
211.4
1597.0
1273.6
313.6
2565.0
671.6
706.6
964.6
239.4
430.6
212.4
332.2
309.2
265.6
429.8
144.8
303.8
197.2
368.2
261.2
296.0
146.0
365.0
559.4
285.8
186.8
288.0
266.8
149.0
183.0
0.0
162.6
127.0
0.0
114.2
221.8
523.0
265.4
278.0
307.0
280.4
263.4
0.0
144.4
202.6
234.4
255.6
371.2
222.4
0.0
0.0
775.2
803.4
606.8
318.8
901.6
725.0
110.0
166.0
79.8
124.6
244.2
285.6
195.8
251.2
201.8
209.4
232.8
213.8
214.8
500.2
678.0
322.8
218.2
859.0
840.2
837.0
779.0
0.0
696.8
878.0
226.0
608.0
0.0
166.0
148.8
248.6
234.2
223.0
305.2
220.2
205.8
182.4
342.6
316.6
156.8
216.4
390.8
776.8
839.0
731.2
838.4
651.4
772.2
786.4
51.8
118.6
149.4
268.6
0.0
280.8
126.6
36.8
144.0
292.2
239.8
247.2
261.6
309.8
226.6
245.8
1786.4
946.2
668.6
821.0
697.4
762.2
758.0
758.0
129.0
195.4
301.0
162.2
140.4
199.0
127.2
99.8
114.4
238.0
394.6
254.6
167.8
432.0
234.8
167.6
613.6
851.0
929.2
883.8
892.0
918.8
776.8
734.6
209.0
25.2
146.2
161.8
204.6
172.6
212.2
25.2
141.6
264.6
74.8
118.2
317.2
226.2
151.8
1160.2
1084.0
507.2
1106.4
1091.2
823.8
809.0
737.0
819.6
139.6
166.2
146.8
497.8
316.6
126.2
179.6
0.0
129.4
102.6
255.0
243.4
295.2
300.2
213.2
245.6
364.2
209.0
228.0
997.4
1054.4
953.0
798.0
871.6
201.0
239.4
178.0
196.0
178.0
1477.6
124.6
161.0
108.4
117.4
222.0
313.0
207.0
245.6
227.8
157.8
250.4
348.2
249.4
285.2
343.4
290.0
234.2
266.8
275.0
244.6
209.8
231.8
471.4
650.8
154.2
328.2
220.4
179.6
237.2
210.2
266.4
292.8
1246.4
187.6
339.6
209.4
201.8
847.4
792.8
923.2
803.4
756.2
0.0
212.4
153.6
202.0
397.2
129.6
134.8
0.0
244.6
132.2
140.6
0.0
187.2
301.8
86.4
173.4
570.4
936.8
816.2
800.6
860.4
926.8
890.6
820.2
103.0
319.0
122.4
157.8
178.8
128.8
171.6
0.0
292.8
296.4
266.2
256.8
283.6
194.4
227.0
233.4
825.4
783.0
1018.4
1180.8
1057.2
973.2
816.4
793.6
172.8
250.4
287.0
29.0
0.0
352.0
167.2
128.4
132.0
221.4
167.8
0.0
52.0
267.2
765.8
0.0
818.4
894.8
924.6
901.4
935.6
140.0
952.0
1061.6
140.2
200.8
96.4
180.6
170.0
24.8
193.4
0.0
110.2
224.4
59.6
205.0
242.4
147.2
121.0
26.2
1710.0
951.8
960.2
1309.6
941.2
951.2
977.2
1094.4
189.2
254.6
136.0
300.0
0.0
0.0
120.6
67.6
122.8
210.4
94.0
154.0
0.0
28.0
200.4
153.0
1005.6
333.2
933.2
1011.4
806.0
819.8
956.0
172.6
94.0
0.0
148.6
56.6
203.8
235.0
1148.2
101.6
275.6
130.6
149.8
372.0
128.6
94.2
125.2
0.0
314.2
946.0
1017.4
989.4
922.4
864.8
901.4
326.8
216.4
293.2
0.0
241.4
100.8
223.4
220.6
189.2
149.0
67.6
196.6
225.4
0.0
469.8
113.0
217.6
484.2
882.2
858.6
818.0
937.2
867.0
218.2
0.0
173.2
121.2
133.2
213.6
277.8
126.6
75.4
189.2
30.4
373.2
206.6
225.0
101.6
212.6
311.4
0.0
453.6
963.8
1006.2
844.4
864.4
960.0
943.4
292.0
76.2
102.0
200.8
105.6
205.2
151.6
234.4
334.4
165.8
239.2
224.8
302.0
244.0
1733.6
0.0
430.6
366.8
1116.4
0.0
1084.0
874.6
0.0
1127.6
216.8
188.6
79.2
462.2
212.2
163.6
259.6
271.8
210.4
232.8
159.2
266.8
407.0
185.0
176.8
251.6
284.4
237.6
629.0
578.2
967.4
904.0
367.8
207.4
118.2
0.0
104.2
296.4
143.6
137.4
22.6
129.0
425.8
154.0
152.4
173.2
141.0
189.6
118.0
529.6
274.4
423.6
3837.0
2190.6
940.2
949.8
957.4
1118.4
242.2
68.0
277.0
0.0
202.2
344.0
121.6
0.0
78.4
245.0
222.0
225.0
280.8
222.8
232.0
1255.4
997.0
351.6
172.4
307.0
844.4
871.0
817.2
953.0
261.0
273.2
204.2
584.8
209.0
250.2
145.2
176.6
57.8
26.2
310.2
131.0
284.0
224.6
217.4
214.0
366.0
1635.0
2980.4
4521.4
1053.8
870.2
984.6
882.6
224.4
110.8
253.6
123.8
259.6
162.8
288.6
137.8
0.0
267.0
182.2
134.2
250.2
130.0
129.0
144.2
134.0
964.4
525.4
889.2
916.8
941.0
944.8
846.8
158.8
582.0
211.6
554.0
167.6
227.4
131.4
194.4
167.8
205.4
190.2
298.2
1341.4
314.0
217.8
358.2
289.0
817.2
853.8
776.4
884.8
832.0
941.0
1006.2
130.4
51.6
0.0
157.6
76.6
314.8
214.6
322.2
201.6
232.8
154.2
149.0
133.8
173.4
566.8
231.2
263.2
876.0
801.4
953.0
918.2
859.0
947.8
928.0
287.2
307.8
126.0
0.0
0.0
0.0
0.0
0.0
0.0
0.0
0.0
0.0
0.0
0.0
0.0
0.0
179.0
885.0
862.6
304.4
969.6
886.4
230.2
105.2
141.8
134.8
201.8
160.0
0.0
368.4
127.4
113.8
126.0
174.8
129.6
184.6
119.6
24.6
926.6
139.0
284.0
466.6
956.0
114.8
0.0
191.4
106.6
0.0
206.6
103.2
188.2
443.2
229.6
0.0
0.0
0.0
0.0
0.0
0.0
0.0
0.0
0.0
0.0
0.0
0.0
0.0
0.0
0.0
0.0
0.0
0.0
0.0
0.0
0.0
130.2
1249.2
184.6
124.8
163.8
0.0
187.6
145.0
130.0
235.6
125.0
114.0
149.2
130.4
264.0
440.25
780.2
261.4
907.8
943.6
890.0
976.6
330.4
303.8
215.6
208.8
273.2
185.6
270.2
156.6
155.6
0.0
59.6
208.8
175.8
94.0
0.0
37.0
131.8
410.0
777.6
155.6
0.0
937.2
1012.6
1104.8
282.2
267.0
200.8
70.0
201.6
128.8
102.0
182.8
124.2
130.4
196.4
0.0
120.8
127.0
792.6
200.4
196.8
535.8
909.6
187.6
1033.6
889.6
856.0
128.4
26.8
167.4
182.4
211.2
143.6
272.4
185.6
156.8
96.8
226.6
156.8
0.0
66.2
296.0
71.8
0.0
193.0
390.4
941.8
188.0
0.0
0.0
127.8
196.2
0.0
0.0
53.8
128.8
161.0
186.0
0.0
205.4
125.0
191.4
0.0
77.4
185.2
141.6
131.0
1673.8
212.2
873.4
847.0
211.0
187.6
341.2
126.4
143.0
148.2
208.2
200.25
159.4
73.6
174.2
237.8
167.2
240.2
126.6
275.2
50.8
24.8
154.4
248.4
415.0
1440.2
1073.0
959.0
1100.2
501.8
816.8
816.8
939.2
244.8
289.0
109.4
283.6
250.8
260.0
146.8
248.8
160.0
228.0
207.0
231.8
318.0
246.2
398.8
374.0
230.2
884.2
878.6
278.4
310.0
916.2
898.8
867.8
132.6
128.8
156.4
71.6
275.0
41.6
204.4
275.2
348.2
246.4
164.4
164.0
234.4
305.6
313.4
234.8
2295.0
1159.8
1107.6
324.8
177.4
0.0
196.0
72.8
246.2
101.2
38.2
363.4
122.0
130.6
126.6
246.0
210.2
219.8
440.0
303.8
225.4
238.6
192.8
405.6
201.6
955.2
944.6
266.6
47.8
253.8
200.4
146.4
133.4
148.0
285.8
517.2
127.6
207.6
0.0
133.0
79.4
419.4
408.4
311.4
239.2
309.0
321.0
307.2
0.0
877.0
825.2
347.8
108.8
0.0
0.0
26.6
273.2
143.0
158.4
127.0
160.2
81.2
195.4
177.6
180.4
251.2
172.6
292.0
210.0
251.4
300.2
241.0
233.6
814.4
965.4
229.8
438.4
863.2
1161.0
957.2
198.8
0.0
77.0
129.0
227.4
100.0
175.2
157.4
357.8
160.4
205.2
224.4
286.4
239.2
151.2
180.2
357.4
944.0
902.8
164.0
0.0
0.0
133.8
201.0
143.4
130.2
129.6
155.8
267.6
520.2
170.6
127.2
245.8
157.0
383.2
370.2
350.4
234.0
231.8
259.4
181.8
1016.0
863.0
1812.4
0.0
125.0
146.4
148.2
129.6
101.4
118.4
1594.6
114.2
124.0
103.6
156.6
161.0
244.8
162.4
140.8
230.2
226.2
319.8
172.6
149.0
821.2
863.4
466.4
141.0
251.2
131.6
204.4
163.8
182.8
138.4
149.4
0.0
0.0
124.6
0.0
148.0
103.2
269.4
128.4
126.4
130.4
116.0
216.2
0.0
914.4
856.8
404.2
221.4
81.2
130.6
131.8
275.0
497.8
173.4
24.8
179.4
0.0
135.0
0.0
203.6
45.8
60.2
0.0
139.4
148.2
103.2
127.2
187.8
1152.8
1192.6
1033.8
275.8
972.2
3439.6
987.8
324.2
131.2
120.8
220.2
24.6
198.4
200.0
256.4
137.6
366.4
264.2
305.4
210.2
193.8
329.2
206.4
722.4
1060.8
1007.2
376.0
295.6
1000.4
801.6
0.0
29.8
147.4
125.2
123.0
0.0
131.6
1578.6
249.2
230.2
161.2
211.0
164.8
255.8
246.6
162.6
1208.2
1085.4
2249.8
907.2
714.4
0.0
0.0
0.0
0.0
0.0
0.0
0.0
0.0
0.0
0.0
0.0
0.0
0.0
0.0
0.0
0.0
0.0
0.0
0.0
237.6
24.8
849.0
805.0
0.0
482.8
1025.6
265.2
134.8
1637.0
700.6
282.8
190.4
334.6
291.6
0.0
0.0
110.8
174.0
251.6
300.2
222.0
230.8
220.2
222.2
163.2
2197.8
172.2
148.6
192.6
25.2
158.6
52.6
152.4
49.4
225.8
0.0
0.0
276.2
151.6
316.8
229.8
188.6
195.6
300.6
285.4
220.4
301.2
344.4
259.4
985.4
860.2
183.8
110.4
75.8
155.4
0.0
159.8
0.0
0.0
0.0
145.6
255.2
31.0
84.0
171.4
187.8
208.0
129.0
50.8
79.0
1116.0
0.0
0.0
114.0
340.4
80.4
506.8
902.4
879.8
1061.4
127.6
127.4
224.6
96.4
149.8
432.2
117.6
197.6
177.8
187.4
149.6
192.8
275.4
256.2
197.2
201.0
302.8
891.0
808.0
99.4
257.8
849.0
896.2
984.4
162.6
316.6
201.2
183.8
166.0
23.0
0.0
49.2
142.8
0.0
179.0
43.0
124.2
191.6
205.8
270.8
283.6
981.0
167.6
88.4
72.8
186.6
0.0
0.0
0.0
67.6
222.6
50.0
0.0
0.0
116.2
129.2
76.8
195.4
199.2
171.4
146.4
0.0
121.2
216.2
1304.4
849.0
832.4
63.2
201.0
42.8
2146.6
1452.2
188.6
155.4
225.4
192.4
218.2
127.6
0.0
212.8
197.0
252.4
136.0
0.0
201.8
183.2
127.4
1552.8
109.4
1642.2
1049.6
0.0
190.6
120.2
45.8
120.2
131.6
305.6
196.0
288.8
106.8
87.8
0.0
148.0
116.2
140.4
49.2
302.2
265.6
127.4
127.6
128.6
205.6
1021.0
1006.2
290.0
835.6
164.4
200.0
131.2
132.2
197.8
102.0
128.2
127.4
147.0
157.8
0.0
126.0
28.0
0.0
158.6
147.2
126.0
126.6
211.0
178.6
951.8
272.4
209.6
133.6
156.6
209.8
86.0
0.0
211.8
190.4
359.6
187.6
143.0
76.0
0.0
215.4
0.0
0.0
196.0
99.4
219.4
128.8
130.0
1386.8
1241.8
852.0
0.0
0.0
0.0
192.0
219.6
266.8
267.6
281.0
123.2
183.2
131.6
133.2
247.4
237.4
202.8
245.2
185.8
143.2
602.8
128.6
143.2
1323.4
122.4
183.6
0.0
108.2
130.8
133.8
90.4
160.6
0.0
0.0
118.8
120.8
192.6
0.0
0.0
0.0
94.0
242.0
216.4
79.4
98.0
125.0
126.0
169.8
376.6
188.8
178.8
134.8
112.8
194.4
105.0
0.0
47.6
195.0
93.8
198.8
125.4
164.4
190.4
191.6
149.8
70.8
154.6
135.2
50.2
181.2
175.2
42.8
888.2
821.2
29.8
104.8
110.6
101.4
0.0
117.2
116.8
100.6
193.4
193.2
97.4
0.0
0.0
56.4
205.4
145.0
130.8
79.4
0.0
0.0
0.0
56.0
223.8
869.2
250.4
255.2
22.0
0.0
30.0
152.8
198.8
195.0
185.6
217.8
26.2
0.0
0.0
0.0
46.6
206.2
215.0
214.6
161.8
131.2
79.6
1503.4
1017.4
169.6
271.2
237.8
269.0
187.4
265.6
475.0
170.8
195.4
678.4
170.4
148.0
173.8
142.4
113.6
0.0
75.2
139.6
176.6
298.2
297.2
545.8
1356.6
180.8
173.2
0.0
0.0
0.0
256.2
129.2
132.6
83.8
146.6
187.8
171.2
187.4
242.8
198.0
170.4
146.0
0.0
117.0
0.0
139.0
146.0
216.8
1358.4
315.2
794.8
222.4
124.0
150.0
185.8
52.8
0.0
26.2
194.4
131.2
26.6
88.4
115.8
139.6
251.4
396.2
227.2
100.2
92.8
100.8
212.8
2135.6
0.0
0.0
1012.0
593.4
311.4
393.0
293.6
340.6
264.4
280.4
147.2
137.4
199.6
0.0
147.2
210.4
221.0
214.2
277.4
0.0
93.6
245.4
172.0
0.0
0.0
676.8
1133.6
325.2
227.6
147.8
0.0
1152.2
188.2
228.2
28.0
92.0
23.4
232.6
129.4
26.2
168.0
206.2
283.8
198.6
196.0
246.4
171.8
200.2
1440.0
818.6
799.0
164.2
471.4
907.2
1030.8
140.4
53.8
118.0
24.8
191.8
203.6
130.2
176.2
0.0
0.0
174.0
346.2
366.2
334.6
163.8
160.8
0.0
168.0
2030.8
899.6
392.2
107.6
86.6
466.8
1532.4
147.2
130.4
148.6
0.0
0.0
60.2
125.8
164.8
219.8
249.4
240.8
240.6
277.4
162.2
100.2
299.8
105.6
984.4
1013.8
757.0
250.2
156.0
148.0
53.8
0.0
0.0
199.8
0.0
76.4
138.0
129.2
80.8
0.0
132.8
182.4
219.6
217.4
244.2
85.4
144.6
76.0
897.4
986.4
708.0
0.0
0.0
250.2
211.0
28.2
185.4
183.8
129.2
51.2
117.6
125.4
23.4
164.0
201.4
218.0
0.0
0.0
96.2
127.8
984.6
62.0
1015.8
1013.0
493.0
100.2
150.4
0.0
49.2
195.4
131.8
144.4
113.8
0.0
118.6
184.6
27.4
157.4
279.8
222.4
214.6
196.8
57.8
0.0
192.4
145.8
56.0
116.4
90.4
886.8
843.2
837.4
26.0
198.6
373.6
0.0
137.2
267.4
131.0
0.0
129.8
120.6
131.2
186.8
135.8
130.8
247.5
201.4
194.4
114.2
123.8
98.4
137.4
892.6
867.2
888.0
910.0
963.0
116.8
203.0
220.8
299.2
0.0
46.6
100.8
161.4
160.8
127.2
38.6
174.2
188.8
143.2
109.6
988.8
214.0
108.6
108.6
939.4
884.4
3447.4
1028.4
955.4
75.8
0.0
187.0
52.4
190.6
102.6
187.0
145.6
155.6
194.0
230.4
179.2
186.6
64.6
197.2
27.8
0.0
102.0
170.8
891.8
905.2
1040.2
1158.6
102.8
0.0
179.8
126.4
204.2
120.6
161.4
124.8
257.0
27.0
126.2
321.33333333333303
195.2
117.0
138.4
126.0
28.2
2167.4
113.6
280.6
890.6
1012.0
1077.6
271.2
855.8
134.2
277.4
89.4
128.2
115.4
0.0
213.0
129.6
172.8
0.0
141.4
237.6
130.6
120.4
187.6
2988.4
746.0
82.6
407.6
845.8
853.0
39.4
129.2
256.6
0.0
120.6
327.8
178.2
216.6
0.0
173.0
146.2
135.6
0.0
260.6
277.8
161.4
293.4
226.8
1400.0
74.0
100.4
265.0
972.0
0.0
50.4
77.6
135.0
327.4
134.4
191.4
279.6
60.8
192.2
0.0
