0.0
0.0
0.0
0.0
0.0
0.0
0.0
0.0
0.0
90.0
293.4
332.6
439.2
358.0
336.6
246.0
92.0
62.0
0.0
0.0
0.0
0.0
0.0
0.0
0.0
0.0
0.0
0.0
0.0
0.0
0.0
0.0
0.0
58.0
101.0
240.0
170.0
218.8
124.8
158.4
97.0
57.0
0.0
0.0
0.0
0.0
0.0
0.0
0.0
0.0
0.0
0.0
0.0
0.0
0.0
0.0
0.0
84.0
181.0
0.0
0.0
0.0
0.0
0.0
0.0
0.0
0.0
0.0
0.0
0.0
0.0
0.0
0.0
0.0
0.0
0.0
0.0
0.0
0.0
0.0
0.0
0.0
129.0
225.6
345.0
353.0
0.0
0.0
0.0
0.0
0.0
0.0
0.0
0.0
0.0
0.0
0.0
0.0
0.0
0.0
0.0
0.0
0.0
0.0
0.0
0.0
0.0
0.0
0.0
0.0
271.2
216.4
121.0
68.0
0.0
0.0
0.0
0.0
0.0
0.0
0.0
0.0
0.0
0.0
0.0
0.0
0.0
0.0
0.0
132.0
550.0
522.0
642.4
626.4
463.0
313.2
129.0
65.0
65.0
0.0
0.0
0.0
0.0
0.0
0.0
0.0
0.0
0.0
0.0
0.0
0.0
0.0
0.0
110.0
145.2
588.2
427.4
499.8
471.2
243.2
113.0
60.8
0.0
0.0
0.0
0.0
0.0
0.0
0.0
0.0
0.0
0.0
0.0
0.0
0.0
0.0
0.0
83.0
135.0
215.6
389.0
212.0
122.0
122.0
73.6
63.0
0.0
0.0
0.0
0.0
0.0
0.0
0.0
0.0
0.0
0.0
0.0
0.0
0.0
0.0
0.0
135.0
104.0
127.0
187.6
148.0
300.6
267.0
83.0
58.0
0.0
0.0
0.0
0.0
0.0
0.0
0.0
0.0
0.0
0.0
0.0
0.0
0.0
0.0
0.0
88.0
216.2
299.8
421.2
333.2
137.8
134.8
70.0
60.0
0.0
0.0
0.0
0.0
0.0
0.0
0.0
0.0
0.0
0.0
0.0
0.0
0.0
0.0
0.0
0.0
0.0
0.0
0.0
0.0
0.0
0.0
0.0
0.0
0.0
0.0
0.0
0.0
0.0
0.0
0.0
0.0
0.0
0.0
0.0
0.0
0.0
0.0
0.0
70.0
0.0
0.0
132.0
167.4
260.2
141.0
79.0
57.0
0.0
0.0
0.0
0.0
0.0
0.0
0.0
0.0
0.0
0.0
0.0
0.0
0.0
0.0
0.0
121.0
341.2
705.8
799.6
494.6
246.0
354.8
136.0
65.0
0.0
0.0
0.0
0.0
0.0
0.0
0.0
0.0
0.0
0.0
0.0
0.0
0.0
0.0
65.0
197.0
0.0
626.4
542.8
559.6
359.6
0.0
135.6
0.0
0.0
0.0
0.0
0.0
0.0
0.0
0.0
0.0
0.0
0.0
0.0
0.0
0.0
0.0
0.0
34.4
98.4
354.2
1036.8
758.8
246.6
86.8
89.2
8.0
0.0
0.0
0.0
0.0
0.0
0.0
0.0
0.0
0.0
0.0
0.0
0.0
0.0
0.0
0.0
0.0
138.6
0.0
0.0
0.0
278.8
228.8
31.0
0.0
0.0
0.0
0.0
0.0
0.0
0.0
0.0
0.0
0.0
0.0
0.0
0.0
0.0
0.0
0.0
96.0
718.4
684.8
561.0
477.6
680.4
357.6
84.0
10.0
0.0
0.0
0.0
0.0
0.0
0.0
0.0
0.0
0.0
0.0
0.0
0.0
0.0
0.0
0.0
163.0
893.6
0.0
0.0
0.0
0.0
0.0
75.6
10.0
0.0
0.0
0.0
0.0
0.0
0.0
0.0
0.0
0.0
0.0
0.0
0.0
0.0
0.0
0.0
0.0
70.0
241.8
261.6
264.8
296.4
157.6
80.0
0.0
0.0
0.0
0.0
0.0
0.0
0.0
0.0
0.0
0.0
0.0
0.0
0.0
0.0
0.0
0.0
0.0
0.0
0.0
0.0
0.0
0.0
0.0
0.0
0.0
0.0
0.0
0.0
0.0
0.0
0.0
0.0
0.0
0.0
0.0
0.0
0.0
0.0
0.0
0.0
0.0
0.0
0.0
0.0
0.0
0.0
0.0
0.0
0.0
0.0
0.0
0.0
0.0
0.0
0.0
0.0
0.0
0.0
0.0
0.0
0.0
0.0
0.0
0.0
0.0
0.0
0.0
0.0
0.0
0.0
0.0
0.0
0.0
0.0
0.0
0.0
0.0
0.0
0.0
0.0
0.0
0.0
0.0
0.0
0.0
0.0
0.0
0.0
0.0
0.0
0.0
0.0
0.0
398.4
280.4
114.0
10.0
0.0
0.0
0.0
0.0
0.0
0.0
0.0
0.0
0.0
0.0
0.0
0.0
0.0
0.0
0.0
77.0
181.6
159.8
317.4
539.0
164.0
230.0
112.8
0.0
0.0
0.0
0.0
0.0
0.0
0.0
0.0
0.0
0.0
0.0
0.0
0.0
0.0
0.0
0.0
28.0
66.0
468.0
245.0
591.4
319.4
280.6
168.8
10.0
0.0
0.0
0.0
0.0
0.0
0.0
0.0
0.0
0.0
0.0
0.0
0.0
0.0
0.0
0.0
50.0
122.0
306.4
249.0
284.8
224.4
136.0
50.0
0.0
0.0
0.0
0.0
0.0
0.0
0.0
0.0
0.0
0.0
0.0
0.0
0.0
0.0
0.0
0.0
61.0
100.0
168.0
0.0
0.0
261.0
251.8
121.6
10.0
0.0
0.0
0.0
0.0
0.0
0.0
0.0
0.0
0.0
0.0
0.0
0.0
0.0
0.0
0.0
38.0
179.0
528.8
266.2
308.0
126.0
60.0
78.0
0.0
0.0
0.0
0.0
0.0
0.0
0.0
0.0
0.0
0.0
0.0
0.0
0.0
0.0
0.0
0.0
46.0
108.0
164.6
402.4
334.4
242.6
218.0
89.0
15.0
0.0
0.0
0.0
0.0
0.0
0.0
0.0
0.0
0.0
0.0
0.0
0.0
0.0
0.0
0.0
0.0
436.4
250.8
309.8
621.6
277.4
318.4
153.2
59.0
0.0
0.0
0.0
0.0
0.0
0.0
0.0
0.0
0.0
0.0
0.0
0.0
0.0
0.0
0.0
0.0
0.0
0.0
18.0
31.0
38.0
3.2
0.0
0.0
0.0
0.0
0.0
0.0
0.0
0.0
0.0
0.0
0.0
0.0
0.0
0.0
0.0
0.0
0.0
0.0
40.0
0.0
0.0
0.0
0.0
0.0
0.0
0.0
0.0
0.0
0.0
0.0
0.0
0.0
0.0
0.0
0.0
0.0
0.0
0.0
0.0
0.0
0.0
0.0
113.0
479.2
274.6
799.6
493.6
438.0
146.0
22.0
0.0
0.0
0.0
0.0
0.0
0.0
0.0
0.0
0.0
0.0
0.0
0.0
0.0
0.0
0.0
184.0
427.8
1567.6
436.8
756.4
645.0
531.4
83.0
38.4
0.0
0.0
0.0
0.0
0.0
0.0
0.0
0.0
0.0
0.0
0.0
0.0
0.0
0.0
0.0
0.0
0.0
0.0
0.0
0.0
0.0
0.0
0.0
0.0
0.0
0.0
0.0
0.0
0.0
0.0
0.0
0.0
0.0
0.0
0.0
0.0
0.0
0.0
0.0
860.0
1512.2
432.4
213.4
341.2
470.0
441.2
169.0
24.0
0.0
0.0
0.0
0.0
0.0
0.0
0.0
0.0
0.0
0.0
0.0
0.0
0.0
0.0
0.0
69.0
294.4
520.2
640.4
652.4
499.6
253.2
257.4
54.0
0.0
0.0
0.0
0.0
0.0
0.0
0.0
0.0
0.0
0.0
0.0
0.0
0.0
0.0
0.0
936.4
0.0
1711.6
1400.8
795.6
448.8
236.0
218.8
36.0
0.0
0.0
0.0
0.0
0.0
0.0
0.0
0.0
0.0
0.0
0.0
0.0
0.0
0.0
0.0
87.0
304.2
1405.0
1009.4
586.6
528.8
336.0
170.0
70.4
0.0
0.0
0.0
0.0
0.0
0.0
0.0
0.0
0.0
0.0
0.0
0.0
0.0
0.0
0.0
0.0
170.4
245.0
299.6
347.6
323.2
221.0
208.0
24.0
0.0
0.0
0.0
0.0
0.0
0.0
0.0
0.0
0.0
0.0
0.0
0.0
0.0
0.0
0.0
302.6
240.0
315.4
425.6
432.6
258.0
192.8
78.0
21.0
0.0
0.0
0.0
0.0
0.0
0.0
0.0
0.0
0.0
0.0
0.0
0.0
0.0
0.0
0.0
108.4
265.6
469.8
740.6
656.4
615.6
212.0
194.0
78.6
0.0
0.0
0.0
0.0
0.0
0.0
0.0
0.0
0.0
0.0
0.0
0.0
0.0
0.0
0.0
99.0
208.0
319.0
446.4
400.0
384.0
301.6
150.0
40.0
0.0
0.0
0.0
0.0
0.0
0.0
0.0
0.0
0.0
0.0
0.0
0.0
0.0
0.0
0.0
282.6
822.8
1984.2
1456.8
892.8
324.2
240.0
170.0
60.0
0.0
0.0
0.0
0.0
0.0
0.0
0.0
0.0
0.0
0.0
0.0
0.0
0.0
0.0
165.6
985.8
1822.8
1894.8
813.2
922.8
393.8
319.0
180.0
135.6
0.0
0.0
0.0
0.0
0.0
0.0
0.0
0.0
0.0
0.0
0.0
0.0
0.0
0.0
159.0
317.0
682.2
2183.6
1510.2
931.2
402.2
310.0
346.2
92.0
0.0
0.0
0.0
0.0
0.0
0.0
0.0
0.0
0.0
0.0
0.0
0.0
0.0
0.0
0.0
243.4
453.0
741.8
868.4
991.4
456.2
318.0
213.2
96.4
0.0
0.0
0.0
0.0
0.0
0.0
0.0
0.0
0.0
0.0
0.0
0.0
0.0
0.0
0.0
73.0
140.0
220.8
260.6
378.4
254.6
160.4
205.0
46.0
0.0
0.0
0.0
0.0
0.0
0.0
0.0
0.0
0.0
0.0
0.0
0.0
0.0
0.0
0.0
148.0
367.4
353.6
522.4
519.4
333.2
262.0
143.6
78.0
0.0
0.0
0.0
0.0
0.0
0.0
0.0
0.0
0.0
0.0
0.0
0.0
0.0
0.0
0.0
158.0
301.6
504.4
645.4
701.6
483.6
412.4
0.0
70.0
0.0
0.0
0.0
0.0
0.0
0.0
0.0
0.0
0.0
0.0
0.0
0.0
0.0
0.0
0.0
318.0
636.6
1043.4
1498.8
858.2
424.4
396.8
226.4
52.0
0.0
0.0
0.0
0.0
0.0
0.0
0.0
0.0
0.0
0.0
0.0
0.0
0.0
0.0
132.2
306.8
235.8
419.8
289.4
591.0
439.2
448.4
0.0
125.8
0.0
0.0
0.0
0.0
0.0
0.0
0.0
0.0
0.0
0.0
0.0
0.0
0.0
0.0
67.0
333.0
1038.0
1071.6
1375.2
1615.2
513.4
0.0
0.0
0.0
0.0
0.0
0.0
0.0
0.0
0.0
0.0
0.0
0.0
0.0
0.0
0.0
0.0
0.0
0.0
84.0
114.0
217.0
219.6
267.4
346.8
401.4
373.6
122.0
0.0
0.0
0.0
0.0
0.0
0.0
0.0
0.0
0.0
0.0
0.0
0.0
0.0
0.0
271.8
279.0
1109.4
621.0
439.2
878.4
839.0
539.0
435.2
193.4
0.0
0.0
0.0
0.0
0.0
0.0
0.0
0.0
0.0
0.0
0.0
0.0
0.0
0.0
0.0
481.6
1715.2
2516.4
2158.8
1404.6
620.4
416.4
355.4
102.4
0.0
0.0
0.0
0.0
0.0
0.0
0.0
0.0
0.0
0.0
0.0
0.0
0.0
0.0
0.0
305.8
856.8
1408.0
735.4
844.2
766.8
453.4
371.2
146.8
0.0
0.0
0.0
0.0
0.0
0.0
0.0
0.0
0.0
0.0
0.0
0.0
0.0
0.0
78.2
179.2
515.2
743.6
1151.2
645.0
289.0
294.2
133.0
81.6
0.0
0.0
0.0
0.0
0.0
0.0
0.0
0.0
0.0
0.0
0.0
0.0
0.0
0.0
127.0
417.6
1250.2
1880.8
2210.8
1850.0
0.0
0.0
460.0
201.0
0.0
0.0
0.0
0.0
0.0
0.0
0.0
0.0
0.0
0.0
0.0
0.0
0.0
0.0
0.0
258.2
238.8
183.0
181.2
417.4
750.0
524.4
361.6
139.6
0.0
0.0
0.0
0.0
0.0
0.0
0.0
0.0
0.0
0.0
0.0
0.0
0.0
0.0
320.0
470.4
1921.2
1152.0
1722.8
1457.0
624.4
479.6
380.0
188.2
0.0
0.0
0.0
0.0
0.0
0.0
0.0
0.0
0.0
0.0
0.0
0.0
0.0
0.0
76.4
594.2
832.2
1805.2
2203.0
1298.2
959.8
624.8
524.2
205.8
0.0
0.0
0.0
0.0
0.0
0.0
0.0
0.0
0.0
0.0
0.0
0.0
0.0
0.0
1630.4
2607.6
1783.4
1512.8
1070.2
450.4
0.0
368.8
694.0
134.0
0.0
0.0
0.0
0.0
0.0
0.0
0.0
0.0
0.0
0.0
0.0
0.0
0.0
0.0
413.0
554.8
1216.0
1013.4
680.8
939.2
693.2
480.4
406.4
239.0
0.0
0.0
0.0
0.0
0.0
0.0
0.0
0.0
0.0
0.0
0.0
0.0
0.0
0.0
1409.75
1083.8
757.6
477.4
281.4
277.8
0.0
0.0
330.8
207.6
0.0
0.0
0.0
0.0
0.0
0.0
0.0
0.0
0.0
0.0
0.0
0.0
0.0
66.2
946.6
1584.2
1780.0
1240.2
1624.8
1302.4
1105.0
452.0
0.0
0.0
0.0
0.0
0.0
0.0
0.0
0.0
0.0
0.0
0.0
0.0
0.0
0.0
0.0
0.0
0.0
0.0
0.0
0.0
0.0
0.0
0.0
0.0
0.0
0.0
0.0
0.0
0.0
0.0
0.0
0.0
0.0
0.0
0.0
0.0
0.0
0.0
0.0
0.0
0.0
0.0
0.0
0.0
0.0
0.0
0.0
0.0
0.0
0.0
0.0
0.0
0.0
0.0
0.0
0.0
0.0
0.0
0.0
0.0
0.0
0.0
0.0
0.0
229.2
573.6
490.8
1047.6
0.0
0.0
193.6
365.6
312.6
122.0
0.0
0.0
0.0
0.0
0.0
0.0
0.0
0.0
0.0
0.0
0.0
0.0
0.0
141.0
628.6
2447.8
1627.0
1533.6
2198.8
1517.2
743.8
318.4
232.0
160.0
0.0
0.0
0.0
0.0
0.0
0.0
0.0
0.0
0.0
0.0
0.0
0.0
0.0
114.2
1463.2
2539.8
2681.6
2575.2
0.0
0.0
0.0
0.0
0.0
164.8
0.0
0.0
0.0
0.0
0.0
0.0
0.0
0.0
0.0
0.0
0.0
0.0
0.0
0.0
157.0
124.0
606.6
871.2
1458.8
1361.2
943.8
551.0
525.0
206.0
0.0
0.0
0.0
0.0
0.0
0.0
0.0
0.0
0.0
0.0
0.0
0.0
0.0
0.0
113.0
543.4
740.0
490.0
427.6
626.0
383.0
251.0
209.0
74.0
0.0
0.0
0.0
0.0
0.0
0.0
0.0
0.0
0.0
0.0
0.0
0.0
0.0
0.0
107.0
0.0
0.0
1014.0
821.6
702.0
484.0
337.0
96.0
73.6
0.0
0.0
0.0
0.0
0.0
0.0
0.0
0.0
0.0
0.0
0.0
0.0
0.0
209.4
1373.8
2108.0
1586.8
2668.2
1575.8
1304.0
0.0
936.0
441.6
189.6
0.0
0.0
0.0
0.0
0.0
0.0
0.0
0.0
0.0
0.0
0.0
0.0
0.0
92.0
1095.6
2292.6
2419.2
2097.6
2099.8
1801.6
924.8
467.2
305.2
205.0
80.0
0.0
0.0
0.0
0.0
0.0
0.0
0.0
0.0
0.0
0.0
0.0
0.0
267.8
1371.2
2423.8
2608.8
2444.6
2099.8
1552.6
873.2
334.8
291.0
201.0
0.0
0.0
0.0
0.0
0.0
0.0
0.0
0.0
0.0
0.0
0.0
0.0
0.0
287.8
1508.4
2308.8
2439.2
2309.4
2145.8
1613.6
896.8
394.0
322.0
206.8
82.4
0.0
0.0
0.0
0.0
0.0
0.0
0.0
0.0
0.0
0.0
0.0
0.0
412.6
604.8
2130.4
1953.8
1170.4
2249.6
1672.8
919.4
339.4
298.0
218.0
96.0
0.0
0.0
0.0
0.0
0.0
0.0
0.0
0.0
0.0
0.0
0.0
0.0
0.0
313.2
400.4
947.5
167.0
796.6
433.8
403.0
689.8
296.0
181.0
89.0
0.0
0.0
0.0
0.0
0.0
0.0
0.0
0.0
0.0
0.0
0.0
0.0
0.0
96.2
232.8
303.8
548.8
960.0
617.0
571.2
471.8
272.8
137.6
0.0
0.0
0.0
0.0
0.0
0.0
0.0
0.0
0.0
0.0
0.0
0.0
0.0
519.8
1689.2
2445.2
2794.4
2714.2
2229.2
1238.8
951.0
456.8
637.6
0.0
88.0
0.0
0.0
0.0
0.0
0.0
0.0
0.0
0.0
0.0
0.0
0.0
0.0
0.0
185.0
736.2
765.2
1761.2
2631.4
1639.0
1174.8
551.8
295.2
243.0
84.4
0.0
0.0
0.0
0.0
0.0
0.0
0.0
0.0
0.0
0.0
0.0
0.0
600.2
1970.8
2492.4
2732.6
2690.8
2358.4
1774.6
1194.4
611.4
561.0
382.0
115.4
0.0
0.0
0.0
0.0
0.0
0.0
0.0
0.0
0.0
0.0
0.0
0.0
0.0
129.0
364.4
645.8
538.4
322.0
843.0
767.8
351.2
517.4
232.0
74.0
0.0
0.0
0.0
0.0
0.0
0.0
0.0
0.0
0.0
0.0
0.0
0.0
82.0
1206.4
384.6
536.0
1253.0
581.0
515.8
389.4
254.0
528.8
125.0
0.0
0.0
0.0
0.0
0.0
0.0
0.0
0.0
0.0
0.0
0.0
0.0
0.0
721.0
958.6
3079.0
1725.8
2396.6
2937.2
1869.6
986.0
951.6
463.2
168.0
0.0
0.0
0.0
0.0
0.0
0.0
0.0
0.0
0.0
0.0
0.0
0.0
0.0
0.0
238.4
549.2
579.4
760.6
532.0
531.8
794.0
317.4
576.8
107.2
0.0
0.0
0.0
0.0
0.0
0.0
0.0
0.0
0.0
0.0
0.0
0.0
0.0
292.0
1645.0
2278.8
3316.8
2679.2
2603.4
1590.4
308.6
369.4
666.8
327.2
155.2
0.0
0.0
0.0
0.0
0.0
0.0
0.0
0.0
0.0
0.0
0.0
0.0
261.2
502.8
483.8
3357.8
2178.4
2585.4
2096.6
1248.6
406.0
363.2
302.2
211.8
0.0
0.0
0.0
0.0
0.0
0.0
0.0
0.0
0.0
0.0
0.0
0.0
0.0
832.2
360.0
744.6
0.0
2857.6
1787.6
0.0
989.6
388.0
219.8
149.4
0.0
0.0
0.0
0.0
0.0
0.0
0.0
0.0
0.0
0.0
0.0
0.0
87.0
256.2
236.4
1116.66666666667
1472.2
927.4
1817.6
991.4
848.4
803.2
211.6
108.4
0.0
0.0
0.0
0.0
0.0
0.0
0.0
0.0
0.0
0.0
0.0
0.0
391.4
1214.8
921.4
850.8
978.4
847.2
2171.2
868.2
613.0
341.6
268.4
108.0
0.0
0.0
0.0
0.0
0.0
0.0
0.0
0.0
0.0
0.0
0.0
0.0
210.8
369.6
789.0
2686.2
1564.0
2375.4
1422.0
1232.4
853.6
343.2
243.4
333.8
0.0
0.0
0.0
0.0
0.0
0.0
0.0
0.0
0.0
0.0
0.0
76.0
1975.4
2894.0
3219.2
3085.8
3482.4
1276.4
2214.2
1659.2
890.8
569.6
410.0
150.4
0.0
0.0
0.0
0.0
0.0
0.0
0.0
0.0
0.0
0.0
0.0
0.0
390.6
667.2
907.2
2568.4
1230.0
1199.6
879.8
1114.8
636.6
405.6
389.2
136.8
0.0
0.0
0.0
0.0
0.0
0.0
0.0
0.0
0.0
0.0
0.0
94.0
2202.2
2276.6
3236.2
3312.8
2872.8
2462.8
1829.6
1421.6
910.8
434.2
329.0
139.0
0.0
0.0
0.0
0.0
0.0
0.0
0.0
0.0
0.0
0.0
0.0
0.0
107.0
289.6
352.4
536.0
1038.2
2819.6
2052.6
1289.6
529.8
283.2
226.0
147.0
0.0
0.0
0.0
0.0
0.0
0.0
0.0
0.0
0.0
0.0
0.0
0.0
0.0
2174.8
3066.25
2894.2
2647.8
2526.4
1953.2
1346.0
641.8
360.6
352.0
176.8
0.0
0.0
0.0
0.0
0.0
0.0
0.0
0.0
0.0
0.0
0.0
166.0
1678.0
2624.4
3052.0
3104.0
2883.2
2586.6
1963.6
1307.6
542.6
297.0
246.0
170.0
0.0
0.0
0.0
0.0
0.0
0.0
0.0
0.0
0.0
0.0
0.0
0.0
0.0
0.0
0.0
0.0
0.0
0.0
0.0
0.0
0.0
0.0
0.0
142.4
0.0
0.0
0.0
0.0
0.0
0.0
0.0
0.0
0.0
0.0
0.0
282.0
1593.8
2156.0
2905.25
3037.2
2993.4
2592.0
2126.4
1411.2
792.4
528.6
259.0
224.0
0.0
0.0
0.0
0.0
0.0
0.0
0.0
0.0
0.0
0.0
0.0
0.0
100.8
468.2
950.0
1952.8
2273.6
0.0
1969.8
1497.8
720.0
896.8
497.2
198.0
0.0
0.0
0.0
0.0
0.0
0.0
0.0
0.0
0.0
0.0
0.0
343.0
1963.0
2811.4
516.8
1739.2
3074.4
2733.2
2404.8
1226.4
875.2
903.6
677.0
277.6
78.0
0.0
0.0
0.0
0.0
0.0
0.0
0.0
0.0
0.0
0.0
514.0
2274.4
2864.4
3166.8
3249.0
3045.0
2638.8
2060.2
1302.8
550.8
254.4
211.0
192.0
0.0
0.0
0.0
0.0
0.0
0.0
0.0
0.0
0.0
0.0
0.0
254.0
1990.0
2746.0
3062.8
3117.6
2921.0
2549.6
2054.6
1417.6
538.6
576.4
353.2
197.5
0.0
0.0
0.0
0.0
0.0
0.0
0.0
0.0
0.0
0.0
0.0
408.0
1560.4
3152.0
3483.8
2310.2
3610.6
1961.6
2039.0
1180.0
976.6
492.2
389.6
363.6
0.0
0.0
0.0
0.0
0.0
0.0
0.0
0.0
0.0
0.0
0.0
892.8
2329.6
2632.0
3714.8
1808.4
2082.4
2135.2
1191.4
1572.4
815.6
377.0
244.0
170.0
0.0
0.0
0.0
0.0
0.0
0.0
0.0
0.0
0.0
0.0
0.0
1017.4
2498.0
3185.6
3307.2
3323.6
2967.8
2828.8
2135.2
1429.8
628.8
265.6
234.0
172.0
0.0
0.0
0.0
0.0
0.0
0.0
0.0
0.0
0.0
0.0
0.0
1220.0
2516.0
3086.8
3343.6
3411.6
3176.0
2771.2
2220.6
1459.0
666.0
283.2
280.8
188.4
78.0
0.0
0.0
0.0
0.0
0.0
0.0
0.0
0.0
0.0
0.0
1355.6
2548.8
3131.6
3388.0
3330.8
3107.0
2736.0
2175.8
1466.0
649.2
252.0
224.0
172.4
71.6
0.0
0.0
0.0
0.0
0.0
0.0
0.0
0.0
0.0
0.0
98.0
332.0
1024.8
2693.6
1242.8
442.0
712.4
1271.0
1287.8
1247.6
635.0
458.4
174.2
83.6
0.0
0.0
0.0
0.0
0.0
0.0
0.0
0.0
0.0
0.0
393.6
2348.6
3060.8
3299.2
3314.4
3135.2
2762.6
2204.0
1480.0
711.0
298.0
254.8
184.8
78.0
0.0
0.0
0.0
0.0
0.0
0.0
0.0
0.0
0.0
0.0
1156.6
2391.2
3047.2
3312.8
3349.8
3156.8
2791.8
2237.2
1495.6
704.8
266.0
266.0
224.0
72.4
0.0
0.0
0.0
0.0
0.0
0.0
0.0
0.0
0.0
0.0
202.4
685.6
1102.6
1494.8
1314.8
1416.8
817.6
1856.2
1503.0
491.8
273.6
571.0
98.8
0.0
0.0
0.0
0.0
0.0
0.0
0.0
0.0
0.0
0.0
0.0
132.0
509.0
708.8
969.0
2976.4
1588.4
1578.6
1738.2
1614.4
1236.0
673.2
364.4
189.6
92.4
0.0
0.0
0.0
0.0
0.0
0.0
0.0
0.0
0.0
0.0
176.2
306.8
333.6
411.8
451.8
726.6
433.2
770.6
352.0
226.2
272.2
194.0
224.0
0.0
0.0
0.0
0.0
0.0
0.0
0.0
0.0
0.0
0.0
0.0
0.0
262.2
646.6
1477.6
3033.2
3448.0
2922.8
2246.4
1483.2
1183.2
605.4
416.0
238.4
87.0
0.0
0.0
0.0
0.0
0.0
0.0
0.0
0.0
0.0
0.0
1363.0
2734.2
3129.2
3296.4
3296.0
2975.0
0.0
0.0
0.0
0.0
0.0
0.0
0.0
0.0
0.0
0.0
0.0
0.0
0.0
0.0
0.0
0.0
0.0
0.0
0.0
2472.0
1530.0
3693.6
2056.6
2260.8
462.0
653.2
971.0
1448.0
597.6
164.0
160.0
0.0
0.0
0.0
0.0
0.0
0.0
0.0
0.0
0.0
0.0
0.0
174.4
487.4
1054.8
1133.4
2189.0
2922.6
2254.8
2051.6
1374.6
1325.0
721.6
394.6
269.6
144.0
0.0
0.0
0.0
0.0
0.0
0.0
0.0
0.0
0.0
0.0
1662.4
2096.6
3274.0
3477.0
3483.0
3382.8
3067.4
2259.4
1563.2
992.4
812.4
560.4
347.2
102.0
0.0
0.0
0.0
0.0
0.0
0.0
0.0
0.0
0.0
0.0
135.6
288.4
789.2
2233.2
1296.2
1057.8
777.8
555.0
447.2
340.6
410.0
218.0
98.0
0.0
0.0
0.0
0.0
0.0
0.0
0.0
0.0
0.0
0.0
0.0
931.0
324.4
3675.2
1043.4
2658.2
1402.0
3098.2
1948.8
1834.8
1100.4
884.0
407.6
362.0
106.4
0.0
0.0
0.0
0.0
0.0
0.0
0.0
0.0
0.0
0.0
611.6
275.0
522.8
668.6
1288.4
1484.2
1842.6
1233.8
1673.2
859.4
441.6
275.6
272.4
268.4
0.0
0.0
0.0
0.0
0.0
0.0
0.0
0.0
0.0
0.0
1047.8
1860.0
1110.8
2662.8
1382.8
3552.6
2984.8
2622.8
1763.2
1089.6
756.6
443.0
250.0
0.0
0.0
0.0
0.0
0.0
0.0
0.0
0.0
0.0
0.0
84.0
1775.6
1608.4
558.8
2361.2
3179.2
1016.4
2391.2
1455.2
1907.2
1062.0
821.2
557.8
274.4
112.0
0.0
0.0
0.0
0.0
0.0
0.0
0.0
0.0
0.0
0.0
354.0
1242.8
1955.8
1960.0
3629.8
2243.0
2287.2
1459.2
1449.4
834.8
829.4
604.4
296.4
117.0
0.0
0.0
0.0
0.0
0.0
0.0
0.0
0.0
0.0
100.0
266.2
394.8
848.6
1284.2
1104.0
1463.2
1274.0
1875.8
1966.8
1380.8
537.4
514.4
523.4
170.8
0.0
0.0
0.0
0.0
0.0
0.0
0.0
0.0
0.0
72.0
740.2
2762.8
1657.0
1790.2
3565.2
3536.8
3127.2
1982.6
1979.6
946.8
327.0
256.4
215.6
88.8
0.0
0.0
0.0
0.0
0.0
0.0
0.0
0.0
0.0
144.8
1378.8
1707.6
2912.0
2549.6
2952.4
3023.6
2633.2
1970.4
1651.4
1270.2
526.0
449.8
246.0
193.0
0.0
0.0
0.0
0.0
0.0
0.0
0.0
0.0
0.0
103.6
878.8
886.4
2341.0
2595.6
2513.2
2565.2
2700.0
2133.6
1680.4
1281.6
259.4
491.6
168.0
0.0
0.0
0.0
0.0
0.0
0.0
0.0
0.0
0.0
0.0
213.4
2133.2
2973.2
3411.6
3642.6
3560.4
3138.0
3026.2
2454.4
1748.8
940.8
447.6
502.6
270.4
225.0
0.0
0.0
0.0
0.0
0.0
0.0
0.0
0.0
0.0
189.0
1878.4
719.2
668.4
2838.6
3698.0
3465.6
2904.8
2511.2
1727.8
1163.6
510.0
667.2
446.4
213.6
0.0
0.0
0.0
0.0
0.0
0.0
0.0
0.0
0.0
182.4
986.4
1908.0
3502.4
3657.4
3660.6
3378.4
3099.6
2421.2
1790.0
1017.0
363.2
231.0
186.2
148.0
0.0
0.0
0.0
0.0
0.0
0.0
0.0
0.0
0.0
283.0
1246.2
1999.8
2919.2
3413.6
1924.2
2718.5
1861.6
909.8
1079.6
613.4
168.8
304.0
232.4
75.8
0.0
0.0
0.0
0.0
0.0
0.0
0.0
0.0
0.0
259.4
2076.4
2939.6
3390.0
2688.8
3430.8
2923.6
2274.2
1559.8
1563.0
1130.2
674.4
764.0
478.4
243.2
0.0
0.0
0.0
0.0
0.0
0.0
0.0
0.0
0.0
79.2
433.2
883.2
2395.4
3593.6
2676.2
2357.4
3049.4
2486.4
1907.8
1227.2
420.0
558.2
258.0
187.2
0.0
0.0
0.0
0.0
0.0
0.0
0.0
0.0
0.0
0.0
192.8
526.8
1324.2
3590.4
3702.2
3710.2
3178.4
2850.0
1575.0
1118.6
1041.4
781.6
489.4
375.6
0.0
0.0
0.0
0.0
0.0
0.0
0.0
0.0
0.0
66.0
308.6
383.0
1492.2
818.4
1326.4
1331.6
3324.4
1529.8
1222.0
869.4
563.2
403.2
314.6
86.0
0.0
0.0
0.0
0.0
0.0
0.0
0.0
0.0
0.0
224.2
1784.4
2818.0
3398.4
1948.0
3723.6
2867.0
3729.2
3331.6
1808.8
1427.2
917.2
406.0
468.8
174.0
0.0
0.0
0.0
0.0
0.0
0.0
0.0
0.0
0.0
159.0
720.4
2694.4
3147.4
3462.8
3565.6
1796.6
1396.2
1160.4
1971.0
1102.0
971.0
498.0
426.4
208.0
0.0
0.0
0.0
0.0
0.0
0.0
0.0
0.0
0.0
94.0
279.0
555.6
814.0
1187.2
2068.8
1453.6
1399.6
2366.8
1422.4
821.8
557.4
427.0
205.2
170.4
0.0
0.0
0.0
0.0
0.0
0.0
0.0
0.0
0.0
109.0
259.0
778.6
1017.0
2238.8
1495.0
2664.0
1119.2
1646.0
1488.0
1154.4
937.0
793.8
303.0
187.2
0.0
0.0
0.0
0.0
0.0
0.0
0.0
0.0
0.0
100.0
240.4
2030.6
480.8
1220.0
800.0
2457.0
1821.2
774.4
1160.6
1010.2
552.2
456.6
366.8
154.8
0.0
0.0
0.0
0.0
0.0
0.0
0.0
0.0
0.0
67.0
103.2
341.8
577.4
1206.0
390.0
961.8
2197.2
1943.6
755.6
1083.6
897.0
609.6
232.0
80.0
0.0
0.0
0.0
0.0
0.0
0.0
0.0
0.0
0.0
0.0
322.6
990.0
1190.4
1516.8
2662.4
830.4
770.0
1699.2
603.2
914.0
878.6
551.2
392.0
172.0
0.0
0.0
0.0
0.0
0.0
0.0
0.0
0.0
0.0
271.4
521.0
3001.0
2514.0
923.2
1704.2
2288.6
1952.8
2359.6
1185.0
171.6
420.0
535.6
657.0
168.0
0.0
0.0
0.0
0.0
0.0
0.0
0.0
0.0
0.0
0.0
684.0
1286.4
3017.2
2158.4
2937.6
3157.4
649.6
1803.0
2500.4
929.2
866.8
730.0
326.4
220.2
0.0
0.0
0.0
0.0
0.0
0.0
0.0
0.0
0.0
172.0
2216.8
1490.8
708.2
1942.2
3255.6
1070.0
3365.4
2725.2
870.8
273.6
1073.6
385.4
398.8
186.0
0.0
0.0
0.0
0.0
0.0
0.0
0.0
0.0
0.0
468.8
1025.2
2586.6
2856.6
1976.4
2875.6
2664.2
2408.8
2631.2
1734.6
1571.6
875.2
731.6
463.6
176.8
0.0
0.0
0.0
0.0
