352.8
0.0
0.0
0.0
0.0
0.0
0.0
0.0
0.0
0.0
193.0
0.0
538.8
203.2
233.0
236.0
274.4
218.0
364.0
511.2
255.4
0.0
0.0
0.0
0.0
0.0
0.0
0.0
0.0
0.0
0.0
0.0
0.0
0.0
0.0
220.6
666.8
183.8
157.0
156.8
234.4
218.0
292.4
294.8
299.2
329.6
0.0
0.0
0.0
0.0
0.0
0.0
0.0
0.0
0.0
0.0
166.8
0.0
0.0
0.0
0.0
0.0
0.0
0.0
0.0
0.0
0.0
0.0
0.0
0.0
0.0
0.0
0.0
0.0
0.0
0.0
0.0
0.0
0.0
0.0
0.0
0.0
0.0
202.8
167.6
241.2
0.0
0.0
0.0
0.0
0.0
0.0
0.0
0.0
0.0
0.0
0.0
0.0
0.0
0.0
0.0
0.0
0.0
0.0
0.0
0.0
0.0
0.0
0.0
0.0
197.6
162.4
159.6
168.6
179.4
279.4
181.4
311.6
137.0
0.0
0.0
0.0
0.0
0.0
0.0
0.0
0.0
0.0
0.0
0.0
0.0
0.0
0.0
0.0
0.0
235.6
255.8
210.6
333.2
333.6
325.6
0.0
0.0
0.0
0.0
0.0
0.0
0.0
0.0
0.0
0.0
0.0
205.6
0.0
0.0
0.0
446.6
178.4
236.4
242.2
218.4
227.2
176.4
246.0
287.2
20.6
0.0
0.0
0.0
0.0
0.0
0.0
0.0
0.0
0.0
0.0
0.0
369.2
321.2
174.0
2147.4
183.4
202.6
0.0
0.0
0.0
199.2
430.2
0.0
21.0
0.0
0.0
0.0
0.0
0.0
0.0
0.0
0.0
0.0
0.0
52.4
158.6
183.2
640.6
0.0
252.8
227.2
245.8
286.4
176.0
202.8
355.6
348.6
0.0
0.0
0.0
0.0
0.0
0.0
0.0
0.0
0.0
0.0
0.0
0.0
0.0
0.0
0.0
212.6
162.8
172.8
239.0
281.4
165.2
318.6
291.8
327.8
22.0
0.0
0.0
0.0
0.0
0.0
0.0
0.0
0.0
0.0
0.0
216.0
0.0
0.0
0.0
0.0
0.0
0.0
0.0
0.0
0.0
0.0
0.0
0.0
0.0
119.2
0.0
0.0
0.0
0.0
0.0
0.0
0.0
0.0
0.0
0.0
258.6
0.0
0.0
224.0
201.2
197.8
162.6
279.8
247.0
205.0
0.0
0.0
0.0
0.0
0.0
0.0
0.0
0.0
0.0
0.0
0.0
0.0
0.0
0.0
0.0
0.0
0.0
0.0
0.0
0.0
0.0
0.0
0.0
233.2
0.0
0.0
0.0
0.0
0.0
0.0
0.0
0.0
0.0
0.0
0.0
0.0
0.0
81.8
0.0
0.0
0.0
0.0
0.0
0.0
0.0
0.0
0.0
77.2
328.0
321.0
283.0
312.0
0.0
0.0
0.0
0.0
0.0
0.0
0.0
0.0
0.0
0.0
0.0
0.0
0.0
938.0
196.4
207.8
242.0
260.2
212.2
0.0
0.0
0.0
0.0
0.0
0.0
0.0
0.0
0.0
0.0
0.0
0.0
0.0
0.0
253.0
0.0
0.0
0.0
0.0
0.0
152.0
0.0
0.0
201.8
319.4
0.0
0.0
0.0
0.0
0.0
0.0
0.0
0.0
0.0
0.0
0.0
0.0
0.0
0.0
0.0
181.4
177.2
168.4
169.8
246.8
240.6
252.2
251.2
255.6
345.8
336.0
0.0
0.0
0.0
0.0
0.0
0.0
0.0
0.0
0.0
0.0
0.0
217.0
0.0
247.2
0.0
0.0
0.0
0.0
0.0
256.4
225.0
287.0
267.8
294.4
44.2
0.0
0.0
0.0
0.0
0.0
0.0
0.0
0.0
0.0
502.0
40.4
60.6
0.0
0.0
0.0
222.8
206.2
207.6
224.8
163.8
262.2
235.0
356.8
350.4
0.0
0.0
0.0
0.0
0.0
0.0
0.0
0.0
0.0
0.0
0.0
0.0
0.0
0.0
0.0
0.0
0.0
0.0
0.0
0.0
0.0
0.0
0.0
0.0
0.0
0.0
0.0
0.0
0.0
0.0
0.0
0.0
0.0
0.0
0.0
0.0
0.0
0.0
0.0
0.0
0.0
0.0
0.0
0.0
0.0
0.0
0.0
0.0
0.0
0.0
0.0
0.0
0.0
0.0
0.0
0.0
0.0
0.0
0.0
0.0
0.0
0.0
0.0
0.0
0.0
0.0
0.0
0.0
0.0
0.0
0.0
0.0
0.0
0.0
0.0
0.0
0.0
0.0
0.0
0.0
0.0
0.0
0.0
0.0
0.0
0.0
0.0
0.0
210.2
239.2
240.6
172.8
301.0
280.0
276.4
283.2
0.0
0.0
0.0
0.0
0.0
0.0
0.0
0.0
0.0
0.0
0.0
0.0
0.0
0.0
496.0
0.0
244.4
243.2
239.0
195.0
159.4
437.0
280.0
305.6
327.8
317.2
0.0
0.0
0.0
0.0
0.0
0.0
0.0
0.0
175.0
0.0
360.8
256.0
194.2
171.4
236.8
244.8
256.6
245.8
245.2
466.0
282.2
0.0
0.0
0.0
0.0
0.0
0.0
0.0
0.0
0.0
0.0
194.2
0.0
0.0
140.8
152.8
0.0
215.4
219.0
182.0
302.8
203.6
327.6
329.2
293.0
313.2
305.4
0.0
0.0
0.0
0.0
0.0
0.0
0.0
0.0
0.0
0.0
0.0
0.0
0.0
0.0
0.0
251.4
192.8
298.2
171.4
309.0
277.8
283.8
0.0
0.0
0.0
0.0
0.0
0.0
43.0
85.8
0.0
0.0
0.0
0.0
0.0
71.6
0.0
256.2
0.0
210.0
188.0
333.4
168.6
336.4
306.2
313.4
0.0
0.0
0.0
0.0
0.0
0.0
0.0
0.0
0.0
0.0
168.8
0.0
193.4
0.0
0.0
0.0
337.4
201.2
173.0
241.8
211.4
295.8
273.4
0.0
0.0
0.0
0.0
0.0
0.0
0.0
0.0
0.0
0.0
0.0
0.0
0.0
208.6
188.4
209.0
436.6
169.0
208.4
163.8
210.6
209.0
0.0
0.0
0.0
0.0
0.0
0.0
0.0
0.0
0.0
0.0
0.0
0.0
0.0
0.0
0.0
0.0
0.0
0.0
195.0
168.2
166.2
161.6
198.4
78.4
0.0
125.8
0.0
0.0
0.0
0.0
0.0
0.0
0.0
0.0
0.0
0.0
0.0
0.0
173.0
0.0
70.6
0.0
0.0
0.0
0.0
0.0
0.0
0.0
0.0
0.0
0.0
0.0
0.0
0.0
0.0
0.0
0.0
0.0
0.0
0.0
0.0
0.0
0.0
0.0
179.0
161.4
269.8
171.6
204.2
201.8
170.8
170.2
270.8
342.2
380.2
377.0
0.0
0.0
0.0
0.0
0.0
0.0
0.0
0.0
0.0
0.0
0.0
0.0
0.0
0.0
0.0
0.0
0.0
0.0
0.0
211.4
426.4
422.0
349.4
0.0
0.0
0.0
0.0
0.0
0.0
0.0
0.0
0.0
0.0
0.0
0.0
0.0
0.0
0.0
0.0
0.0
0.0
0.0
0.0
0.0
0.0
328.2
284.2
404.4
0.0
0.0
0.0
0.0
0.0
0.0
0.0
0.0
0.0
0.0
0.0
0.0
0.0
0.0
0.0
75.4
0.0
244.8
253.0
224.0
190.0
261.6
334.2
0.0
0.0
0.0
0.0
0.0
0.0
0.0
0.0
0.0
0.0
20.2
167.0
190.4
1908.0
0.0
251.6
0.0
0.0
264.4
222.2
0.0
0.0
0.0
0.0
360.4
0.0
0.0
0.0
0.0
0.0
0.0
0.0
0.0
0.0
0.0
0.0
0.0
0.0
24.6
0.0
0.0
0.0
0.0
248.6
170.2
0.0
0.0
0.0
0.0
0.0
0.0
0.0
0.0
0.0
0.0
0.0
0.0
0.0
0.0
0.0
0.0
202.8
235.2
194.6
222.0
254.0
211.6
203.0
219.4
320.0
174.6
383.6
110.2
0.0
0.0
0.0
0.0
0.0
0.0
0.0
0.0
0.0
336.6
254.4
0.0
159.4
192.0
1007.8
171.4
238.0
0.0
0.0
0.0
0.0
392.0
197.4
322.8
212.8
0.0
0.0
0.0
0.0
0.0
0.0
0.0
0.0
0.0
0.0
0.0
0.0
0.0
0.0
0.0
0.0
0.0
0.0
0.0
155.6
373.2
339.8
0.0
0.0
0.0
0.0
0.0
0.0
0.0
0.0
0.0
0.0
0.0
0.0
0.0
239.2
0.0
704.6
0.0
0.0
0.0
206.8
216.2
260.6
370.2
351.0
126.6
105.0
0.0
0.0
0.0
0.0
0.0
0.0
0.0
0.0
26.0
0.0
0.0
0.0
230.8
465.4
171.6
248.8
249.8
244.0
222.8
225.8
0.0
0.0
0.0
0.0
0.0
0.0
0.0
0.0
0.0
0.0
0.0
0.0
0.0
0.0
190.2
0.0
496.0
0.0
0.0
0.0
0.0
0.0
0.0
257.4
288.4
333.0
379.8
0.0
0.0
0.0
0.0
0.0
0.0
0.0
0.0
0.0
176.4
0.0
0.0
0.0
0.0
240.4
181.0
213.2
254.2
243.0
195.2
210.4
314.2
157.2
0.0
0.0
0.0
0.0
0.0
0.0
0.0
0.0
0.0
0.0
28.8
0.0
0.0
0.0
245.8
172.8
243.0
179.0
0.0
165.4
179.6
297.2
235.6
326.0
0.0
0.0
0.0
0.0
0.0
0.0
0.0
0.0
0.0
0.0
533.2
0.0
0.0
206.4
208.4
204.4
178.4
181.4
168.2
169.4
180.6
178.8
291.6
395.8
394.2
0.0
0.0
0.0
0.0
0.0
24.2
0.0
0.0
0.0
0.0
470.8
314.8
244.4
176.6
392.8
189.0
166.2
230.2
171.0
1026.8
2945.6
74.2
434.2
0.0
0.0
0.0
0.0
0.0
0.0
0.0
0.0
0.0
0.0
171.2
0.0
0.0
0.0
0.0
0.0
0.0
0.0
0.0
86.6
229.2
258.0
328.4
354.2
44.0
0.0
0.0
0.0
0.0
0.0
0.0
0.0
0.0
0.0
0.0
0.0
289.0
0.0
0.0
0.0
234.6
181.8
181.8
0.0
243.2
298.8
20.4
20.4
138.4
0.0
0.0
0.0
0.0
0.0
0.0
0.0
0.0
0.0
0.0
0.0
197.0
220.2
185.2
1130.6
205.0
260.8
238.8
259.2
0.0
0.0
0.0
103.6
453.8
0.0
0.0
0.0
0.0
0.0
0.0
0.0
0.0
0.0
0.0
0.0
0.0
0.0
0.0
761.6
201.6
189.8
268.6
0.0
212.6
177.0
316.2
318.2
0.0
105.8
0.0
0.0
0.0
0.0
0.0
0.0
0.0
0.0
0.0
168.0
0.0
265.0
985.0
179.2
235.0
0.0
0.0
0.0
0.0
244.0
352.4
0.0
0.0
0.0
0.0
0.0
0.0
0.0
0.0
0.0
0.0
0.0
0.0
0.0
0.0
0.0
73.8
887.6
181.0
209.4
247.2
251.2
1437.2
603.8
1648.0
40.4
418.6
0.0
0.0
0.0
0.0
0.0
0.0
0.0
0.0
0.0
84.8
0.0
0.0
0.0
0.0
0.0
0.0
0.0
0.0
0.0
0.0
0.0
0.0
323.4
67.2
0.0
0.0
0.0
0.0
0.0
0.0
0.0
0.0
0.0
81.6
0.0
0.0
0.0
0.0
0.0
0.0
0.0
0.0
0.0
0.0
0.0
485.4
344.6
345.8
0.0
0.0
0.0
0.0
0.0
0.0
0.0
0.0
0.0
82.0
0.0
0.0
245.2
184.0
421.4
179.0
167.2
163.8
212.6
178.6
125.6
0.0
0.0
89.8
0.0
0.0
0.0
0.0
0.0
0.0
0.0
0.0
0.0
0.0
0.0
185.8
0.0
172.4
910.4
171.0
0.0
0.0
0.0
0.0
0.0
0.0
335.6
348.4
374.8
0.0
0.0
0.0
0.0
0.0
0.0
0.0
0.0
0.0
0.0
197.4
256.4
665.0
166.8
187.4
0.0
0.0
0.0
30.6
0.0
372.0
308.4
0.0
0.0
0.0
0.0
0.0
0.0
0.0
0.0
0.0
0.0
0.0
0.0
806.6
219.8
222.4
413.6
172.4
185.6
177.6
206.2
707.6
295.4
356.4
353.6
0.0
38.2
0.0
0.0
0.0
0.0
0.0
0.0
0.0
0.0
0.0
72.4
219.6
0.0
0.0
0.0
0.0
0.0
0.0
0.0
0.0
0.0
334.4
198.2
371.4
0.0
0.0
0.0
0.0
0.0
0.0
0.0
0.0
0.0
170.6
0.0
0.0
0.0
0.0
525.2
0.0
0.0
240.4
0.0
0.0
0.0
0.0
0.0
0.0
0.0
0.0
0.0
0.0
0.0
0.0
0.0
0.0
0.0
0.0
0.0
0.0
217.6
175.4
167.4
185.6
0.0
350.4
434.6
227.2
230.2
345.2
343.6
352.4
0.0
0.0
0.0
0.0
0.0
0.0
0.0
0.0
0.0
0.0
190.0
0.0
178.2
195.0
184.6
218.0
177.0
244.4
187.8
178.6
220.2
418.4
324.6
0.0
0.0
0.0
0.0
0.0
0.0
0.0
0.0
0.0
0.0
528.0
206.25
173.0
171.4
162.4
167.6
165.8
0.0
0.0
0.0
174.8
194.2
184.8
163.8
286.6
386.0
0.0
0.0
0.0
0.0
0.0
0.0
0.0
0.0
0.0
0.0
80.0
206.0
166.8
160.0
176.6
302.8
245.75
0.0
0.0
0.0
0.0
0.0
0.0
0.0
0.0
0.0
0.0
0.0
0.0
0.0
0.0
0.0
0.0
0.0
0.0
0.0
0.0
0.0
0.0
0.0
0.0
0.0
0.0
0.0
0.0
0.0
0.0
0.0
0.0
0.0
0.0
0.0
0.0
0.0
0.0
0.0
0.0
0.0
0.0
0.0
0.0
0.0
0.0
0.0
0.0
0.0
0.0
0.0
0.0
0.0
373.2
0.0
0.0
0.0
0.0
0.0
0.0
0.0
0.0
0.0
109.6
0.0
0.0
0.0
2074.8
0.0
0.0
0.0
0.0
102.8
242.8
307.2
298.8
289.6
0.0
0.0
0.0
0.0
0.0
0.0
0.0
0.0
0.0
0.0
0.0
0.0
216.0
674.4
678.8
887.4
663.4
730.8
686.0
197.8
237.2
244.4
285.4
340.4
0.0
0.0
0.0
0.0
0.0
0.0
0.0
0.0
0.0
0.0
0.0
187.6
187.4
733.0
683.0
0.0
0.0
0.0
0.0
0.0
45.4
0.0
0.0
0.0
0.0
0.0
0.0
0.0
0.0
0.0
0.0
0.0
90.0
0.0
21.8
206.0
210.4
0.0
0.0
882.2
442.8
522.6
643.2
147.2
219.6
253.4
287.4
348.6
114.4
0.0
0.0
0.0
0.0
0.0
0.0
0.0
0.0
0.0
257.8
0.0
0.0
0.0
0.0
0.0
0.0
0.0
0.0
0.0
0.0
0.0
0.0
0.0
0.0
0.0
0.0
0.0
0.0
0.0
0.0
0.0
0.0
0.0
0.0
1857.0
0.0
0.0
750.4
669.6
275.2
339.8
601.0
586.4
0.0
0.0
0.0
0.0
21.0
0.0
0.0
0.0
0.0
0.0
0.0
0.0
0.0
0.0
125.0
211.0
247.2
658.2
663.2
733.0
682.0
0.0
681.4
696.2
164.8
171.2
256.0
306.0
365.0
417.2
0.0
0.0
0.0
0.0
0.0
0.0
0.0
110.0
0.0
0.0
100.2
558.4
554.2
581.8
582.6
584.8
598.8
619.0
0.0
0.0
0.0
348.2
344.0
0.0
0.0
0.0
0.0
0.0
0.0
0.0
0.0
0.0
0.0
32.8
508.0
740.6
746.6
995.2
616.4
604.2
630.2
641.0
0.0
0.0
0.0
324.2
312.2
0.0
0.0
0.0
0.0
0.0
0.0
0.0
0.0
0.0
164.0
0.0
317.6
601.8
630.2
1150.2
660.2
673.4
686.0
698.0
217.8
167.8
0.0
0.0
0.0
0.0
0.0
0.0
0.0
0.0
0.0
0.0
0.0
0.0
0.0
216.0
0.0
126.8
703.4
934.6
660.4
826.0
866.8
871.4
0.0
0.0
0.0
263.2
323.6
0.0
0.0
0.0
0.0
0.0
0.0
0.0
0.0
0.0
0.0
0.0
0.0
244.0
236.8
895.6
807.0
800.2
833.2
731.2
0.0
0.0
234.6
214.0
0.0
0.0
0.0
0.0
0.0
0.0
0.0
39.8
0.0
0.0
0.0
0.0
0.0
257.0
1188.0
193.6
241.8
0.0
233.0
393.4
163.4
289.8
280.6
313.0
106.0
0.0
0.0
0.0
0.0
0.0
0.0
0.0
0.0
0.0
0.0
0.0
211.6
189.8
174.4
1978.0
830.8
825.6
838.0
912.4
0.0
161.6
277.6
286.0
317.2
0.0
0.0
0.0
0.0
0.0
0.0
0.0
0.0
0.0
171.4
0.0
349.0
648.8
679.0
684.6
706.6
711.4
685.6
700.6
0.0
0.0
0.0
305.8
366.0
0.0
0.0
0.0
0.0
0.0
0.0
0.0
0.0
0.0
0.0
0.0
654.4
837.0
1059.6
893.2
815.4
903.6
1109.0
1109.8
214.6
181.2
284.8
299.8
0.0
88.6
0.0
0.0
0.0
0.0
0.0
0.0
0.0
0.0
0.0
390.2
715.2
1117.4
790.8
2068.8
741.2
167.2
856.8
813.0
224.4
242.8
273.4
0.0
43.2
0.0
0.0
0.0
0.0
0.0
0.0
0.0
0.0
0.0
162.2
0.0
744.2
836.8
825.8
481.4
1130.0
991.4
921.6
2904.4
170.6
167.2
274.2
327.8
0.0
0.0
0.0
0.0
0.0
0.0
0.0
0.0
0.0
0.0
0.0
502.0
864.8
167.8
713.6
1036.2
767.0
728.6
752.4
0.0
0.0
0.0
0.0
0.0
0.0
0.0
0.0
0.0
0.0
0.0
0.0
0.0
0.0
0.0
0.0
213.2
454.0
2259.4
826.8
867.8
729.2
719.2
730.8
145.6
0.0
375.8
320.0
85.6
0.0
0.0
0.0
0.0
0.0
0.0
0.0
0.0
0.0
0.0
0.0
0.0
228.6
714.8
728.0
737.6
867.6
844.8
171.2
212.4
211.6
232.4
289.6
449.6
0.0
0.0
0.0
0.0
0.0
0.0
0.0
0.0
0.0
0.0
163.2
195.4
414.4
840.6
1124.8
908.0
3565.0
961.8
944.6
355.8
262.0
237.8
286.8
0.0
0.0
0.0
0.0
0.0
0.0
0.0
0.0
0.0
0.0
0.0
0.0
0.0
40.8
472.4
0.0
1127.8
748.4
0.0
3388.0
0.0
232.8
241.0
282.6
0.0
0.0
0.0
0.0
0.0
0.0
0.0
0.0
0.0
0.0
0.0
0.0
2644.2
0.0
214.666666666667
197.4
576.0
38.0
656.6
156.0
211.2
175.8
239.2
0.0
0.0
0.0
0.0
0.0
0.0
0.0
0.0
0.0
0.0
0.0
0.0
0.0
926.6
189.0
3468.0
2151.2
837.6
742.2
733.6
744.4
182.6
171.0
179.6
289.6
0.0
0.0
0.0
0.0
0.0
0.0
0.0
0.0
0.0
0.0
498.4
0.0
240.2
0.0
0.0
2868.2
538.8
907.6
926.0
915.0
209.8
179.4
238.6
282.6
0.0
0.0
0.0
0.0
0.0
0.0
0.0
0.0
0.0
0.0
0.0
0.0
2390.8
1004.4
703.4
1161.6
716.4
769.6
1839.0
830.2
0.0
0.0
0.0
287.8
0.0
0.0
0.0
0.0
0.0
0.0
0.0
0.0
0.0
0.0
0.0
685.2
0.0
1476.6
506.0
858.8
753.6
740.4
753.6
865.4
169.2
169.2
360.6
234.6
0.0
0.0
0.0
0.0
0.0
0.0
0.0
0.0
0.0
43.2
0.0
0.0
0.0
542.6
718.6
711.6
743.6
744.2
732.0
758.6
0.0
0.0
0.0
34.4
291.4
0.0
0.0
0.0
0.0
0.0
0.0
0.0
0.0
0.0
221.8
234.4
183.4
712.2
749.4
1608.8
869.4
1086.2
1766.8
1758.8
1140.4
979.0
174.0
0.0
0.0
0.0
0.0
0.0
0.0
0.0
0.0
0.0
0.0
0.0
0.0
0.0
0.0
752.0
776.8
815.6
749.0
769.0
0.0
0.0
0.0
0.0
0.0
0.0
0.0
0.0
290.0
0.0
0.0
0.0
0.0
0.0
0.0
0.0
0.0
0.0
216.8
398.8
846.0
180.4
198.6
118.2
0.0
0.0
0.0
0.0
160.6
295.8
0.0
0.0
0.0
0.0
0.0
0.0
0.0
0.0
0.0
0.0
0.0
0.0
0.0
0.0
0.0
0.0
0.0
0.0
0.0
0.0
0.0
0.0
0.0
0.0
0.0
0.0
0.0
0.0
0.0
0.0
0.0
0.0
0.0
0.0
0.0
0.0
250.2
293.0
716.4
146.6
2589.8
745.2
758.6
758.4
151.8
0.0
0.0
295.6
0.0
0.0
0.0
0.0
0.0
0.0
0.0
0.0
0.0
0.0
0.0
0.0
0.0
310.0
777.8
148.8
0.0
794.8
740.0
762.2
154.4
0.0
254.6
291.6
369.4
0.0
0.0
0.0
0.0
0.0
0.0
0.0
0.0
0.0
0.0
183.6
163.0
476.2
1531.4
146.8
727.4
753.0
754.6
0.0
0.0
201.2
173.0
242.4
113.0
0.0
0.0
0.0
0.0
0.0
0.0
0.0
0.0
0.0
0.0
0.0
2855.0
513.2
863.0
306.8
166.8
149.0
154.2
165.8
203.6
171.2
172.2
286.2
363.0
0.0
0.0
0.0
0.0
0.0
0.0
0.0
0.0
0.0
0.0
0.0
0.0
728.6
719.6
409.0
418.0
162.2
0.0
0.0
0.0
174.0
240.75
0.0
22.2
0.0
0.0
0.0
0.0
0.0
0.0
0.0
0.0
0.0
0.0
0.0
3535.6
721.2
834.8
341.4
280.0
754.4
756.0
761.0
375.6
207.2
246.4
0.0
0.0
0.0
0.0
0.0
0.0
0.0
0.0
0.0
0.0
0.0
0.0
0.0
0.0
873.0
850.0
288.6
410.8
848.0
943.4
946.4
0.0
0.0
0.0
259.0
90.0
0.0
0.0
0.0
0.0
44.4
0.0
0.0
0.0
0.0
0.0
0.0
3860.2
3589.6
1425.2
329.6
0.0
193.8
199.4
241.4
175.6
164.4
170.2
210.4
88.8
0.0
0.0
0.0
0.0
0.0
0.0
0.0
0.0
0.0
0.0
0.0
2853.4
826.6
897.8
560.8
192.2
0.0
0.0
0.0
268.2
0.0
233.2
274.0
313.4
90.4
0.0
0.0
0.0
0.0
0.0
0.0
0.0
143.0
0.0
0.0
0.0
730.6
720.0
146.0
0.0
0.0
0.0
0.0
0.0
0.0
0.0
0.0
110.6
0.0
0.0
0.0
0.0
0.0
0.0
0.0
0.0
0.0
0.0
206.8
201.4
749.8
739.2
144.0
500.4
3704.2
854.2
876.8
319.2
165.4
188.2
274.8
431.6
346.8
0.0
0.0
0.0
0.0
0.0
0.0
0.0
0.0
0.0
0.0
1453.0
1505.0
2399.4
291.8
187.2
0.0
0.0
0.0
0.0
0.0
222.6
0.0
0.0
0.0
0.0
0.0
0.0
0.0
0.0
0.0
0.0
0.0
0.0
210.6
215.6
845.2
842.8
294.4
156.6
158.4
164.2
212.0
181.6
208.8
178.0
174.8
327.8
0.0
0.0
0.0
0.0
0.0
0.0
0.0
0.0
0.0
0.0
0.0
2767.2
733.6
1219.6
324.6
870.6
177.0
201.2
0.0
0.0
0.0
0.0
0.0
82.0
0.0
0.0
0.0
0.0
0.0
0.0
0.0
0.0
0.0
0.0
172.2
0.0
1912.2
1138.0
491.0
198.0
0.0
0.0
0.0
0.0
0.0
0.0
250.0
112.2
182.8
0.0
0.0
0.0
0.0
0.0
0.0
0.0
0.0
491.4
0.0
0.0
723.0
836.0
294.2
351.2
3664.8
3920.6
840.8
432.2
164.4
309.2
217.8
355.0
405.6
0.0
0.0
0.0
0.0
0.0
0.0
0.0
0.0
0.0
0.0
2701.8
709.2
734.8
303.2
148.2
751.8
754.6
0.0
0.0
296.6
173.4
247.2
295.4
0.0
0.0
0.0
0.0
0.0
0.0
0.0
0.0
0.0
0.0
0.0
2850.2
744.8
916.0
433.2
0.0
0.0
0.0
0.0
0.0
0.0
0.0
0.0
0.0
0.0
0.0
0.0
0.0
0.0
0.0
0.0
0.0
0.0
0.0
1550.4
0.0
755.2
871.4
184.2
511.0
1058.0
298.0
254.2
265.2
457.8
224.2
184.6
215.0
226.0
110.4
0.0
90.4
0.0
0.0
0.0
43.0
109.4
108.8
232.2
240.6
220.4
461.0
450.0
214.2
228.6
850.4
220.4
221.0
1193.4
173.8
231.6
248.6
0.0
0.0
0.0
46.2
71.8
0.0
0.0
0.0
0.0
0.0
270.2
0.0
694.4
758.2
0.0
0.0
0.0
113.4
117.4
91.8
117.2
117.8
93.8
0.0
0.0
120.8
0.0
0.0
0.0
0.0
0.0
0.0
0.0
0.0
0.0
47.6
2846.4
897.2
209.6
422.2
882.2
892.4
906.0
205.0
170.6
244.0
279.8
106.2
52.0
0.0
0.0
0.0
0.0
22.0
43.6
66.2
110.2
117.2
118.8
914.4
900.0
1138.8
444.2
431.8
1043.2
895.4
891.0
171.2
197.6
167.6
178.4
320.0
398.8
23.0
0.0
115.8
0.0
45.4
0.0
0.0
46.0
0.0
0.0
0.0
780.4
93.8
0.0
0.0
0.0
116.0
0.0
0.0
119.2
0.0
222.8
292.6
190.2
0.0
0.0
92.4
0.0
0.0
68.8
0.0
0.0
0.0
24.0
873.6
822.6
761.0
0.0
0.0
0.0
0.0
0.0
129.6
0.0
260.0
295.8
298.4
38.2
0.0
46.2
0.0
0.0
0.0
0.0
0.0
0.0
0.0
1288.0
0.0
910.0
848.6
0.0
0.0
0.0
211.2
171.6
252.2
168.6
0.0
0.0
164.0
0.0
122.8
0.0
118.0
70.4
0.0
0.0
0.0
62.6
0.0
0.0
93.6
796.4
730.6
0.0
192.0
0.0
0.0
0.0
297.6
70.2
0.0
244.8
136.2
0.0
0.0
0.0
0.0
23.0
0.0
0.0
0.0
118.8
22.8
0.0
849.0
848.2
220.8
485.0
179.8
286.4
424.0
179.6
211.4
167.0
309.0
245.6
92.8
127.6
0.0
0.0
70.4
0.0
0.0
0.0
0.0
0.0
118.4
119.6
1511.8
765.2
912.6
185.4
228.2
0.0
0.0
25.6
47.8
0.0
71.8
0.0
81.8
0.0
118.8
0.0
95.2
0.0
0.0
116.4
0.0
0.0
0.0
0.0
1543.8
142.2
205.0
208.0
112.0
0.0
0.0
0.0
101.8
0.0
0.0
0.0
334.2
0.0
118.2
0.0
46.0
0.0
22.4
0.0
118.0
0.0
0.0
246.4
23.4
0.0
196.0
229.8
116.4
0.0
0.0
0.0
0.0
0.0
289.2
287.8
304.2
245.4
0.0
46.4
0.0
0.0
0.0
0.0
0.0
23.0
47.0
3059.0
0.0
879.8
926.2
217.4
236.0
206.2
161.4
661.2
476.0
163.2
187.6
174.4
349.6
0.0
22.8
0.0
0.0
0.0
0.0
0.0
0.0
0.0
212.2
0.0
795.0
879.6
873.6
209.0
160.2
0.0
0.0
328.4
207.2
212.0
163.2
193.0
141.2
103.6
0.0
46.6
0.0
0.0
117.2
0.0
0.0
0.0
0.0
118.8
82.6
157.8
20.2
277.4
0.0
0.0
0.0
0.0
531.6
198.2
229.2
164.8
345.2
0.0
117.8
0.0
118.0
0.0
0.0
117.0
0.0
0.0
495.8
0.0
3487.6
776.4
0.0
75.5
0.0
0.0
193.2
896.4
978.0
167.8
233.2
234.8
110.8
125.2
69.6
0.0
0.0
0.0
0.0
0.0
0.0
0.0
332.4
0.0
3501.6
1152.8
1418.4
367.6
67.4
0.0
220.2
250.8
296.8
240.4
254.4
244.6
0.0
0.0
0.0
118.6
0.0
0.0
0.0
0.0
0.0
0.0
164.4
787.8
0.0
41.6
769.6
257.0
216.2
198.2
1450.6
694.2
164.6
162.8
214.6
234.0
283.8
0.0
0.0
70.0
0.0
120.0
0.0
0.0
22.8
69.8
518.6
48.8
0.0
361.2
898.0
239.8
83.8
0.0
0.0
1969.0
265.4
213.0
171.4
255.6
0.0
0.0
118.0
0.0
0.0
0.0
118.6
47.0
0.0
0.0
0.0
0.0
2122.4
789.8
789.2
363.6
497.2
922.2
900.6
176.8
165.0
166.6
257.6
251.4
329.8
76.8
0.0
0.0
0.0
0.0
0.0
0.0
0.0
70.4
46.2
1592.75
689.8
1862.6
795.0
315.8
0.0
0.0
0.0
1310.8
0.0
201.8
0.0
0.0
20.4
0.0
119.0
257.0
0.0
0.0
0.0
0.0
70.0
117.2
0.0
210.0
20.8
740.0
808.2
315.4
0.0
0.0
0.0
0.0
231.0
195.2
49.6
0.0
22.8
101.0
0.0
0.0
23.0
0.0
0.0
117.8
0.0
0.0
0.0
223.0
246.6
923.4
914.0
680.2
0.0
0.0
114.4
0.0
0.0
120.2
0.0
0.0
0.0
0.0
118.0
0.0
0.0
46.6
0.0
0.0
93.2
0.0
0.0
0.0
119.6
790.4
741.0
482.8
241.0
69.4
0.0
0.0
46.6
0.0
119.2
0.0
128.0
0.0
118.0
0.0
96.8
0.0
0.0
23.6
0.0
22.8
0.0
0.0
0.0
122.8
249.0
165.2
930.4
806.8
757.6
258.6
276.2
240.0
0.0
128.2
0.0
0.0
47.2
0.0
0.0
118.0
23.0
0.0
0.0
0.0
0.0
0.0
0.0
0.0
0.0
0.0
729.4
724.2
735.8
755.0
758.6
0.0
0.0
290.2
320.4
223.0
0.0
0.0
0.0
0.0
0.0
0.0
0.0
0.0
0.0
0.0
1220.8
70.0
202.0
1126.0
947.6
864.6
3390.0
853.0
872.2
165.2
210.4
248.2
289.4
368.4
49.0
93.0
116.6
184.4
22.8
0.0
0.0
0.0
0.0
0.0
117.8
0.0
0.0
1241.4
803.8
738.8
960.4
838.4
177.2
206.2
241.0
0.0
0.0
100.2
69.2
0.0
0.0
0.0
0.0
0.0
0.0
0.0
0.0
210.2
189.0
2672.0
201.4
326.8
899.8
856.6
167.0
171.4
225.6
169.8
166.6
249.0
277.6
0.0
0.0
0.0
23.4
93.4
0.0
0.0
0.0
0.0
0.0
0.0
1471.8
508.6
23.0
290.6
757.8
802.8
46.6
236.2
176.0
163.6
250.2
291.0
0.0
0.0
46.8
0.0
119.2
0.0
47.8
0.0
0.0
24.8
93.0
0.0
2474.0
0.0
949.6
292.4
742.0
122.2
0.0
0.0
51.8
64.2
72.2
0.0
24.8
0.0
0.0
0.0
